GOES 2                  
1 10061U 77048A   00365.44877392  .00000114  00000-0  10000-3 0  4368
2 10061  13.8533  19.9279 0007581   1.1598  84.5577  1.00335001 31064
GOES 6                  
1 14050U 83041A   00365.10751931 -.00000153  00000-0  10000-3 0  1072
2 14050   9.4328  40.4285 0003982 262.8167  97.1421  1.00325451122814
GOES 7                  
1 17561U 87022A   00364.37011563  .00000090  00000-0  00000+0 0   616
2 17561   6.1553  59.9661 0002920   2.0641 355.4327  1.00300127 33902
INSAT 1D                
1 20643U 90051A   00365.90358973 -.00000071  00000-0  10000-3 0  5199
2 20643   2.3759  87.3531 0009589 251.6733 160.0949  1.00275846 25502
FENGYUN 1B              
1 20788U 90081A   00366.54437097  .00000034  00000-0  50751-4 0  2922
2 20788  98.9332 344.4603 0014226 231.8849 128.1035 14.01722390528380
METEOSAT 5 (MOP 2)      
1 21140U 91015B   00366.89440264  .00000031  00000-0  10000-3 0  9286
2 21140   3.9346  74.4419 0002288 255.9257 155.2069  1.00278345 38244
NOAA 12                 
1 21263U 91032A   00366.99669002  .00000918  00000-0  41937-3 0  9888
2 21263  98.5616 357.4843 0013472 125.9193 234.3236 14.23815817500370
METEOR 3-5              
1 21655U 91056A   00365.58258992  .00000051  00000-0  10000-3 0  3008
2 21655  82.5580 229.8386 0013638 351.7648   8.3249 13.16919133450813
INSAT 2A                
1 22027U 92041A   00365.69740806 -.00000069  00000-0  10000-3 0  2468
2 22027   2.8269  83.6928 0019395 164.8227 175.9793  1.00271142 30850
INSAT 2B                
1 22724U 93048B   00364.88630041 -.00000248  00000-0  10000-3 0  9645
2 22724   0.2533  99.5740 0004027 238.8645 172.6765  1.00270281 27571
METEOR 2-21             
1 22782U 93055A   01001.24869003  .00000269  00000-0  23130-3 0  8816
2 22782  82.5491 112.1386 0022734  11.0956 349.0700 13.83309069370470
METEOSAT 6              
1 22912U 93073B   00362.86317709 -.00000068  00000-0  00000+0 0  5563
2 22912   0.8718  78.0587 0003621 219.2552 101.0027  1.00271491 24456
GOES 8                  
1 23051U 94022A   00365.55313762 -.00000240  00000-0  00000+0 0  4872
2 23051   0.3709 278.2365 0002102 342.0121 323.6576  1.00268989 31989
ELEKTRO                 
1 23327U 94069A   00364.75864373 -.00000017  00000-0  10000-3 0  7778
2 23327   3.5107  80.5760 0006663 148.9265 210.8124  1.00255638 22616
NOAA 14                 
1 23455U 94089A   01001.02692811  .00000560  00000-0  32813-3 0  5751
2 23455  99.1639 349.5525 0008708 257.0033 103.0162 14.12548817309538
GMS 5                   
1 23522U 95011B   00365.44708587 -.00000270  00000-0  00000+0 0  9581
2 23522   0.8168  74.1673 0002209  11.7801 314.1906  1.00277988 21074
GOES 9                  
1 23581U 95025A   00366.52924597 -.00000078  00000-0  00000+0 0  3717
2 23581   0.4054  96.2081 0009664 213.3762 236.1075  1.00275027 20559
INSAT 2C                
1 23731U 95067B   00366.76851716 -.00000246  00000-0  10000-3 0  5183
2 23731   0.0808 118.1791 0005693 134.9635 217.4962  1.00270231 18585
GOES 10                 
1 24786U 97019A   00365.55078299  .00000097  00000-0  00000+0 0  7063
2 24786   0.0144 217.9558 0002579  73.1544 231.4500  1.00280054 13517
FENGYUN 2A              
1 24834U 97029A   00365.82918617 -.00000180  00000-0  00000+0 0  5360
2 24834   0.7116  95.5174 0004150 213.1011 175.2138  1.00269323 13027
ORBVIEW 2 (SEASTAR)     
1 24883U 97037A   01001.18720344  .00001505  00000-0  34393-3 0  3824
2 24883  98.2195 101.1935 0002722  88.7402 271.4107 14.57133247181912
METEOSAT 7              
1 24932U 97049B   00365.23144486  .00000008  00000-0  00000+0 0  7428
2 24932   0.2964 306.8916 0001619   8.8093 226.7060  1.00276119 12194
NOAA 15                 
1 25338U 98030A   00366.98872799  .00000475  00000-0  22786-3 0   305
2 25338  98.6171  31.8832 0011674  63.3477 296.8896 14.23445536137005
RESURS O1-N4            
1 25394U 98043A   01001.14779996  .00000728  00000-0  34263-3 0  9607
2 25394  98.7033  80.7032 0001373 174.8143 185.3035 14.22994358128796
INSAT 2E                
1 25666U 99016A   00362.89652416 -.00000157  00000-0  00000+0 0  3360
2 25666   0.0188 318.5088 0006226 246.3426 297.5952  1.00270463  6491
FENGYUN 1C              
1 25730U 99025A   00362.91147361  .00000125  00000-0  94187-4 0  1785
2 25730  98.7172  38.5861 0015179  68.3677 291.9108 14.10349174 84279
QUIKSCAT                
1 25789U 99034A   00362.91195460  .00000303  00000-0  14508-3 0  1632
2 25789  98.6266 185.1842 0000798   7.5220 352.5974 14.26085893 79411
INSAT 3B                
1 26108U 00016B   00365.83394318 -.00000154  00000-0  00000+0 0  1494
2 26108   0.0098 104.2507 0004692 197.9613 180.5435  1.00269689  2865
GOES 11                 
1 26352U 00022A   00364.13466650 -.00000075  00000-0  00000+0 0  1844
2 26352   0.0533 279.2373 0005484 350.4975 130.8971  1.00268530  2408
FENGYUN 2B              
1 26382U 00032A   00366.12995660 -.00000318  00000-0  00000+0 0  1274
2 26382   0.6925 258.0173 0001133 221.0049 132.2242  1.00276021  1890
NOAA 16                 
1 26536U 00055A   00359.36744284  .00000606  00000-0  36121-3 0  1234
2 26536  98.8062 302.2146 0011319  13.1515 347.0801 14.11007291 13245

