SIRIUS-3                
1 26626U 00077A   01001.02092976 -.00000114  00000-0  00000+0 0   518
2 26626  63.4116  42.7331 2681776 269.9748  59.6739  1.00286223   336
SL-12 R/B(2)            
1 26629U 00077D   00351.80816788 -.00000109  00000-0  00000+0 0    30
2 26629  63.4148  42.7289 6199498 270.1237  22.0630  1.44694501   235
EROS-A1                 
1 26631U 00079A   01001.20863529  .00023506  00000-0  98144-3 0   784
2 26631  97.3167  66.9956 0010298  30.0583  50.8434 15.23596355  4061
SL-18 R/B               
1 26632U 00079B   00366.79824591  .00012563  00000-0  53256-3 0   212
2 26632  97.3185  66.5929 0008319  36.2413 323.9355 15.23234889  4000
ASTRA 2D                
1 26638U 00081A   00363.77758662  .00000103  00000-0  00000+0 0   134
2 26638   0.2937 246.3310 0001003 349.6091 165.5872  0.99900148   186
GE 8                    
1 26639U 00081B   00366.89240683  .00000138  00000-0  00000+0 0   262
2 26639   0.0537 226.5318 0001520  35.4754  13.9062  1.00267973   181
BEIDOU 1B               
1 26643U 00082A   00365.89576564 -.00000126  00000-0  00000+0 0   142
2 26643   0.1140 303.4321 0002343 132.6600  66.0389  1.00273848   156
LM-3A R/B               
1 26644U 00082B   00366.85144091  .00029173  98239-6  16570-2 0   215
2 26644  25.3210 320.7926 7599327 185.4864 154.4158  1.92393420   207

