AO-10
1 14129U 83058B   00167.56748663  .00000111  00000-0  10000-3 0  6545
2 14129  26.8648 326.0728 6017922  60.2020 346.2941  2.05871526127890
UO-11
1 14781U 84021B   00180.94146222  .00001870  00000-0  30413-3 0 03427
2 14781 097.9828 143.8183 0012396 065.5381 294.7118 14.72194414874034
RS-10/11
1 18129U 87054A   00180.96075636  .00000121  00000-0  11564-3 0 07965
2 18129 082.9246 139.8451 0012957 031.9936 328.2002 13.72501275652182
FO-20
1 20480U 90013C   00181.23201702  .00000037  00000-0  15277-3 0  2363
2 20480  99.0548 309.3785 0541169  28.0070 334.9087 12.83275114486825
AO-21
1 21087U 91006A   00180.88898641  .00000094  00000-0  82657-4 0 01712
2 21087 082.9421 311.6727 0036972 061.0177 299.4676 13.74709603472334
RS-12/13
1 21089U 91007A   00180.94760869  .00000102  00000-0  91860-4 0 02898
2 21089 082.9225 177.0475 0030897 092.2363 268.2333 13.74202986471295
RS-15
1 23439U 94085A   00180.94034196 -.00000035  00000-0  22537-3 0 04774
2 23439 064.8143 161.4850 0167313 287.1511 071.1155 11.27537583226833
FO-29
1 24278U 96046B   00180.80559387 -.00000001  00000-0  35376-4 0 03727
2 24278 098.5874 087.1366 0350903 196.8057 162.1213 13.52725948190869
SO-33
1 25509U 98061B   00180.42369832  .00000676  00000-0  12740-3 0 01540
2 25509 031.4421 192.2983 0364989 172.6278 187.9899 14.24839966087439
UO-14
1 20437U 90005B   00180.69760345  .00000284  00000-0  12537-3 0 05530
2 20437 098.4063 247.3155 0010511 178.2012 181.9209 14.30454779544517
AO-16
1 20439U 90005D   00180.74789494  .00000300  00000-0  13119-3 0 03448
2 20439 098.4468 253.8509 0010756 181.3535 178.7621 14.30526311544546
DO-17
1 20440U 90005E   00180.75391187  .00000348  00000-0  14913-3 0 03444
2 20440 098.4555 255.8556 0011027 180.5098 179.6075 14.30712528544591
WO-18
1 20441U 90005F   00180.92926789  .00000326  00000-0  14104-3 0 03400
2 20441 098.4524 255.7088 0011589 179.3827 180.7361 14.30625406544618
LO-19
1 20442U 90005G   00181.21919368  .00000365  00000-0  15560-3 0  3319
2 20442  98.4613 257.5637 0011744 179.0608 181.0590 14.30763662544698
UO-22
1 21575U 91050B   00180.98022851  .00000437  00000-0  15882-3 0 00441
2 21575 098.1497 207.8465 0007637 156.8171 203.3377 14.37732079469618
KO-23
1 22077U 92052B   00181.21272908 -.00000037  00000-0  10000-3 0  9251
2 22077  66.0873 345.1833 0009739 316.0590  43.9655 12.86345360370267
AO-27
1 22825U 93061C   00180.87280638  .00000223  00000-0  10650-3 0 08620
2 22825 098.4022 237.4630 0007672 223.6659 136.3911 14.28163250352147
IO-26
1 22826U 93061D   00180.67794087  .00000295  00000-0  13494-3 0 08197
2 22826 098.4083 237.9100 0008259 228.9981 131.0485 14.28309921352145
KO-25
1 22828U 93061F   00180.71153482  .00000297  00000-0  13475-3 0 08126
2 22828 098.4041 238.1132 0009448 207.4746 152.5936 14.28709400320310
TO-31
1 25396U 98043C   00180.92241242 -.00000044  00000-0  00000-0 0 03728
2 25396 098.7194 256.2817 0003275 071.7041 288.4520 14.22686402102325
GO-32
1 25397U 98043D   00180.92692581 -.00000044  00000-0  00000-0 0 03130
2 25397 098.7190 256.0623 0002392 076.1318 284.0129 14.22420969102332
SO-35
1 25636U 99008C   00180.96107161  .00000583  00000-0  16456-3 0 02307
2 25636 096.4538 022.3655 0153059 142.9122 218.2777 14.41325727070788
UO-36
1 25693U 99021A   00181.06617235  .00000560  00000-0  10560-3 0  2603
2 25693  64.5608  73.8272 0045845 295.3313  64.3226 14.73539643 64050
AO-37
1 26065U 00004E   00179.54034789  .00000319  00000-0  13350-3 0   595
2 26065 100.2178  43.7028 0038747 123.0608 237.4299 14.34234157 21848
NOAA-10
1 16969U 86073A   00181.80298076  .00000539  00000-0  24503-3 0  4859
2 16969  98.6436 167.1745 0013605  19.7126 340.4576 14.25804688716505
NOAA-11
1 19531U 88089A   00181.81709313  .00000250  00000-0  15635-3 0  3325
2 19531  99.0042 245.9376 0012695  54.6502 305.5855 14.13645178606593
NOAA-12
1 21263U 91032A   00181.80547060  .00000526  00000-0  24980-3 0  7749
2 21263  98.5504 177.3133 0012261 313.4601  46.5558 14.23527681474021
MET-3/5
1 21655U 91056A   00180.96263016  .00000051  00000-0  10000-3 0 03301
2 21655 082.5555 000.2528 0014400 087.8298 272.4472 13.16905732426512
MET-2/21
1 22782U 93055A   00180.91986910  .00000197  00000-0  16592-3 0 09291
2 22782 082.5510 259.8457 0022222 166.9574 193.2168 13.83257002344712
OKEAN-4
1 23317U 94066A   00180.97668837  .00001698  00000-0  24147-3 0 06525
2 23317 082.5414 142.9509 0024719 334.0756 025.9214 14.76155991307576
NOAA-14
1 23455U 94089A   00181.85547240  .00000354  00000-0  21751-3 0  3810
2 23455  99.1431 160.4273 0010445  56.3043 303.9124 14.12346859283396
SICH-1
1 23657U 95046A   00181.22686437  .00001757  00000-0  25350-3 0  4819
2 23657  82.5318 283.5440 0025983 305.6307  54.2480 14.75552129259829
NOAA-15
1 25338U 98030A   00181.82780354  .00000389  00000-0  19099-3 0  8336
2 25338  98.6331 210.3543 0009744 238.0696 121.9534 14.23261159110662
RESURS
1 25394U 98043A   00181.08301008  .00000180  00000-0  10000-3 0  7314
2 25394  98.7212 256.6095 0002210  55.9402 304.2061 14.22797502102331
FENGYUN1
1 25730U 99025A   00180.86646016  .00000111  00000-0  86481-4 0 01691
2 25730 098.7363 221.8585 0013894 218.9038 141.1131 14.10312484058612
OKEAN-0
1 25860U 99039A   00180.94158810  .00000672  00000-0  11906-3 0 04558
2 25860 098.0009 237.1395 0000639 100.8728 259.2550 14.70371519051083
MIR
1 16609U 86017A   00181.84171430  .00028163  00000-0  25589-3 0  7947
2 16609  51.6480 195.3199 0013662 101.2985 258.9392 15.67636918821112
HUBBLE
1 20580U 90037B   00180.97802923  .00002529  00000-0  23552-3 0 03917
2 20580 028.4700 154.4619 0013786 207.5265 152.4599 14.90838104358177
GRO
1 21225U 91027B   00155.97911168  .00120112 -27798-5  33449-3 0 08771
2 21225 028.4610 068.6827 0171094 190.3289 169.3770 15.72202183391418
UARS
1 21701U 91063B   00180.85694039  .00001300  00000-0  12814-3 0 01954
2 21701 056.9841 323.5256 0004895 093.2892 266.8702 14.98502166480893
POSAT
1 22829U 93061G   00180.66412044  .00000367  00000-0  16266-3 0 08335
2 22829 098.4055 238.3172 0009089 209.0972 150.9694 14.28737194352221
PO-34
1 25520U 98064B   00181.17300608  .00002803  00000-0  17620-3 0  1945
2 25520  28.4613 126.8428 0006821  37.6229 322.4838 15.05911928 91693
ISS
1 25544U 98067A   00181.81574921  .00029460  00000-0  28678-3 0  7945
2 25544  51.5804  75.0501 0006325 112.7647 356.3084 15.65986228 91918
WO-39
1 26061U 00004A   00177.54906309  .00000855  00000-0  32020-3 0   775
2 26061 100.2153  41.4106 0037403 126.8229 233.6388 14.34709502 21575
OCS
1 26062U 00004B   00180.65682866  .00037534  00000-0  10082-1 0 01868
2 26062 100.2242 046.9468 0036372 102.4943 258.0317 14.47522680022111
OO-38
1 26063U 00004C   00180.64702389  .00000240  00000-0  10534-3 0 00802
2 26063 100.2154 045.0013 0037974 119.5204 240.9756 14.34313975022015
UNK3
1 26093U 00004L   00180.60590905  .00001918  00000-0  68726-3 0 00854
2 26093 100.2114 044.9744 0038284 120.9855 239.5107 14.35053572019831
UNK4
1 26094U 00004M   00180.06668473  .00000989  00000-0  36704-3 0 00501
2 26094 100.2127 044.2938 0038114 122.1075 238.3778 14.34680343019230
