ATS 1                   
1 02608U 66110A   01263.45681562 -.00000065  00000-0  10000-3 0  2707
2 02608  12.9377 332.3749 0006680  89.6481 270.4329  1.00293383 44143
ATS 3                   
1 03029U 67111A   01265.23796111 -.00000123  00000-0  00000+0 0  2735
2 03029  13.7116 339.5866 0016240 333.5606  28.4314  1.00272613124050
DEBUT (ORIZURU)         
1 20479U 90013B   01263.65605323  .00000065  00000-0  20886-3 0  4350
2 20479  99.0531 314.7820 0540337  91.2953 275.0074 12.83513531544388
MINISAT 01              
1 24779U 97018A   01263.64283554  .00055754  00000-0  14900-2 0  9849
2 24779 150.9524 274.4830 0005055  97.9187 262.1923 15.35955049243764
MAQSAT H                
1 25023U 97066A   01263.39446281  .00000468  00000-0  40587-2 0  5540
2 25023   7.9747 351.2058 6504375 288.5142  14.5065  3.08592632 43828
MAQSAT B                
1 25024U 97066B   01263.17462818 -.00000018  00000-0  29612-3 0  4987
2 25024   7.9959 347.4618 6511280 295.6326  12.4569  3.08664582 43885
TEAMSAT                 
1 25025U 97066C   01263.61185438  .00000014  00000-0  55351-3 0  4778
2 25025   7.9963 351.6926 6509360 287.1214  14.8969  3.07842860 43761
MEGSAT                  
1 25722U 99022B   01263.70429834  .00018136  00000-0  99419-3 0  6079
2 25722  48.4424 121.6211 0027329 315.8617  43.9993 15.13826680131826
JAWSAT                  
1 26061U 00004A   01263.19919749  .00002142  00000-0  75401-3 0  3566
2 26061 100.1957 214.2531 0036009 297.8107  61.9427 14.35853790 86367
OPAL                    
1 26063U 00004C   01263.88538669  .00000777  00000-0  29270-3 0  3286
2 26063 100.1962 214.3474 0037236 296.8352  62.9018 14.34751355 86423
FALCONSAT               
1 26064U 00004D   01263.86381215  .00000670  00000-0  25684-3 0  3195
2 26064 100.1966 214.1019 0038369 297.9067  61.8231 14.34435202 86395
ASUSAT                  
1 26065U 00004E   01263.21590299  .00000820  00000-0  30788-3 0  3265
2 26065 100.1962 213.6034 0037337 300.5171  59.2326 14.34708495 86319
PICOSAT 1&2 (TETHERED)  
1 26080U 00004H   01263.38481388  .00002452  00000-0  84294-3 0  2519
2 26080 100.1949 215.5664 0035485 303.6812  56.0987 14.36869571 84758
PICOSAT 3               
1 26091U 00004J   01263.91677884  .00004322  00000-0  14662-2 0  3530
2 26091 100.1916 215.4461 0033829 294.6058  65.1577 14.37033062 84079
PICOSAT 4               
1 26092U 00004K   01263.41932625  .00002723  00000-0  94260-3 0  3157
2 26092 100.1846 214.1937 0036939 297.0772  62.6612 14.36369649 84019
PICOSAT 5               
1 26093U 00004L   01263.41999048  .00004155  00000-0  13942-2 0  2898
2 26093 100.1923 215.1702 0035748 296.2749  63.4740 14.37567287 84266
PICOSAT 6               
1 26094U 00004M   01263.39483142  .00002525  00000-0  88185-3 0  2711
2 26094 100.1895 214.1914 0036512 297.8044  61.9416 14.36022417 83693
SNAP 1                  
1 26386U 00033C   01263.91400624  .00003090  00000-0  64780-3 0  4062
2 26386  98.1769 216.1557 0014353  33.7563 326.4547 14.60336715 65577
CHAMP                   
1 26405U 00039B   01263.64053957  .00013401  00000-0  25839-3 0  3959
2 26405  87.2687 347.9492 0037821  78.8134 281.7424 15.46882543 66632
BIRD-RUBIN/SL-8 R/B     
1 26406U 00039C   01242.03456755  .36389040 -15499-5  19320-3 0  5614
2 26406  87.2164 351.1415 0010316 283.1817  76.8463 16.55361253 64022
MIGHTYSAT II.1          
1 26414U 00042A   01263.75956640  .00027755  00000-0  15534-2 0  4370
2 26414  97.7754 359.2379 0021880 178.1870 181.9444 15.13204964 64429
