LES 9                   
1 08747U 76023B   01263.33894718 -.00000097  00000-0  10000-3 0  7471
2 08747  11.7510 230.4438 0024112 209.1859 297.2261  1.00267203 39070
MARISAT 2               
1 09478U 76101A   01262.14487248 -.00000269  00000-0  00000+0 0  1384
2 09478  13.0568  16.2675 0001088 204.9011 155.2817  1.00272626 34590
COMSTAR 4               
1 12309U 81018A   01263.88440973  .00000104  00000-0  10000-3 0  1720
2 12309  11.1857  31.1590 0022029  33.0981 272.8231  1.00917939 76847
SATCOM 5                
1 13631U 82105A   01265.68167741 -.00000116  00000-0  10000-3 0  6477
2 13631   7.6157  51.4130 0004802 170.6734 279.9806  1.00272878 35798
TDRS 1                  
1 13969U 83026B   01265.10193124 -.00000312  00000-0  10000-3 0  3908
2 13969  11.0971  27.7860 0003848 174.6027 146.5086  1.00268631 40662
SBS 4                   
1 15235U 84093B   01265.46850259 -.00000265  00000-0  10000-3 0  4435
2 15235   6.2628  60.0715 0001807 213.0455 179.8910  1.00268948 39305
MARECS B2               
1 15386U 84114B   01264.02837964 -.00000220  00000-0  10000-3 0  2917
2 15386   9.4277  47.6695 0007206  53.4084 243.3285  1.00270646 25932
NATO 3D                 
1 15391U 84115A   01263.00383103 -.00000182  00000-0  00000+0 0  9506
2 15391   6.5173  50.9041 0024224 181.5102 107.8947  1.00266835 61727
BRASILSAT 1             
1 15561U 85015B   01263.33957428  .00000096  00000-0  00000+0 0  1109
2 15561   5.2336  68.8007 0000750  98.3792 170.3462  1.00271906 36635
NAHUEL I1 (ANIK C1)     
1 15642U 85028B   01261.41315039 -.00000302  00000-0  10000-3 0  3766
2 15642   3.5753  82.4406 0000306 291.9794  68.5136  1.00269620 65980
GSTAR 1                 
1 15677U 85035A   01265.10621128 -.00000108  00000-0  10000-3 0  2023
2 15677   4.1565  76.7417 0006753 194.8067  22.4598  1.00271490 34648
INTELSAT 511            
1 15873U 85055A   01264.03148149 -.00000238  00000-0  00000+0 0  4044
2 15873   6.3527  60.2522 0004228  56.6421 224.9353  1.00268858 34076
MORELOS 2               
1 16274U 85109B   01263.28259422 -.00000014  00000-0  00000+0 0  1592
2 16274   2.4825  86.8248 0001225  99.5345 154.4758  1.00274330 47278
OPTUS A2 (AUSSAT 2)     
1 16275U 85109C   01263.14739006 -.00000304  00000-0  00000+0 0  8981
2 16275   6.1092  61.8063 0001836 185.4497 118.1113  0.99947242 47767
SATCOM K2               
1 16276U 85109D   01263.33625438 -.00000247  00000-0  10000-3 0  1632
2 16276   3.5140  81.0691 0000857 106.1833 212.1718  1.00273236 35626
BRASILSAT 2             
1 16650U 86026B   01261.43663179 -.00000302  00000-0  10000-3 0  8347
2 16650   3.9656  77.0783 0001057 122.3167 252.1983  1.00269562 36624
GOES 7                  
1 17561U 87022A   01264.47134976  .00000027  00000-0  00000+0 0  1836
2 17561   6.6392  58.4590 0005044 319.5938 331.9906  1.00272167 36578
OPTUS A3 (AUSSAT 3)     
1 18350U 87078A   01262.28216032 -.00000097  00000-0  10000-3 0  8543
2 18350   3.9649  72.9255 0001199 202.0128 348.8922  1.00271528 50811
EUTELSAT 1-F4 (ECS 4)   
1 18351U 87078B   01263.92746529  .00000130  00000-0  10000-3 0  8889
2 18351   6.1838  61.4442 0005521  54.5983 250.7832  1.00274311 37516
NSS 513                 
1 19121U 88040A   01263.52638076  .00000049  00000-0  10000-3 0  8988
2 19121   4.7316  72.5664 0002711  95.2966 204.1597  1.00275879 25391
PAS 1                   
1 19217U 88051C   01261.69053622 -.00000142  00000-0  10000-3 0  6725
2 19217   0.5080  99.3268 0005058 113.8693 131.6425  0.99389478 58340
GSTAR 3                 
1 19483U 88081A   01265.68961139 -.00000117  00000-0  10000-3 0  2680
2 19483  10.3889  43.3822 0004392 259.5604 201.5332  1.00272508 44039
TDRS 3                  
1 19548U 88091B   01254.90791846 -.00000198  00000-0  10000-3 0  7406
2 19548   6.1437  61.8723 0004839 189.4833 151.6768  1.00272973 34706
ASTRA 1A                
1 19688U 88109B   01265.00000000  .00000101  00000-0  10000-3 0  3891
2 19688   0.0122 319.8851 0002995  65.1991 355.2485  1.00273184 27041
COLUMBIA 515            
1 19772U 89006A   01262.18707126 -.00000273  00000-0  00000+0 0  9107
2 19772   3.2734  82.7132 0002913  88.4016 216.7370  1.00269994 35028
TDRS 4                  
1 19883U 89021B   01263.07106944 -.00000285  00000-0  10000-3 0  9543
2 19883   3.9244  78.2918 0004259  77.4610 187.7235  1.00266387218369
SIRIUS (MARCOPOLO 1)    
1 20193U 89067A   01263.00211228 -.00000125  00000-0  10000-3 0  6005
2 20193   1.7421  91.5899 0004488 170.1470  84.9778  1.00271098 27478
INTELSAT 602            
1 20315U 89087A   01262.73416403  .00000011  00000-0  10000-3 0  6018
2 20315   0.0174 288.8273 0002174 255.5651 140.6107  1.00272763 41367
SKYNET 4A               
1 20401U 90001A   01263.04118635 -.00000263  00000-0  00000+0 0  6670
2 20401   5.0088  48.8269 0005738 207.0143  83.8645  1.00267754 39230
JCSAT 2                 
1 20402U 90001B   01263.61404439 -.00000187  00000-0  10000-3 0  8643
2 20402   0.0133 169.2837 0001601  10.1026 195.2056  1.00269857 26241
LEASAT 5                
1 20410U 90002B   01262.31119315 -.00000178  00000-0  00000+0 0  8853
2 20410   4.1863  26.7733 0000589 131.2595 107.9485  1.00269843 28082
INTELSAT 603            
1 20523U 90021A   01262.02887154 -.00000207  00000-0  10000-3 0  1761
2 20523   0.0072 301.2289 0002816 143.5810 259.1511  1.00271140 35117
ASIASAT 1               
1 20558U 90030A   01265.36729745 -.00000379  00000-0  10000-3 0  7384
2 20558   2.0401  90.9369 0001390  68.2098  96.2246  1.00264640 41985
PALAPA B2R              
1 20570U 90034A   01263.05810186  .00000124  00000-0  00000+0 0  7243
2 20570   1.1778  96.9103 0001016  49.1670 276.3385  1.00271737 40223
INSAT 1D                
1 20643U 90051A   01265.37082176 -.00000097  00000-0  00000+0 0  6766
2 20643   2.9945  85.0563 0006000 311.3059 172.3822  1.00273182 28167
GORIZONT 20             
1 20659U 90054A   01260.95576788 -.00000104  00000-0  10000-3 0  6968
2 20659   6.8979  56.0571 0005561 336.2972  23.8546  1.00221274 41075
INTELSAT 604            
1 20667U 90056A   01261.64410909  .00000026  00000-0  10000-3 0  3473
2 20667   0.0397 145.3167 0002027  61.5026  82.6966  1.00272783 43970
COSMOS 2085             
1 20693U 90061A   01264.95543463 -.00000073  00000-0  10000-3 0  1052
2 20693   6.8203  55.9047 0001780 200.7496 159.3566  1.00264505 40917
DFS 2                   
1 20706U 90063B   01263.20793983  .00000053  00000-0  00000+0 0  5045
2 20706   0.7184  96.1956 0005889 106.0102 248.3151  1.00051401 32969
THOR 1 (MARCOPOLO 2)    
1 20762U 90074A   01261.02821800 -.00000032  00000-0  10000-3 0  4285
2 20762   0.1973 106.3000 0002909  33.9669 226.1572  1.00272988 40809
SKYNET 4C               
1 20776U 90079A   01261.01196043 -.00000035  00000-0  10000-3 0  7307
2 20776   3.7336  62.6602 0002686 101.9398 195.7282  1.00273011 40318
EUTELSAT 2-F1           
1 20777U 90079B   01264.08594329  .00000100  00000-0  10000-3 0  8614
2 20777   2.2646  89.0990 0003461  70.8585 279.6447  1.00278892 20926
SBS 6                   
1 20872U 90091A   01262.58562840 -.00000274  00000-0  10000-3 0  8253
2 20872   0.0158 194.2643 0001328 344.0123 317.0179  1.00268633 28440
GALAXY 6                
1 20873U 90091B   01262.28057939 -.00000275  00000-0  10000-3 0  2355
2 20873   0.0164 274.9396 0001564 255.0701 215.3070  1.00268976 34610
INMARSAT 2-F1           
1 20918U 90093A   01263.47404782  .00000023  00000-0  10000-3 0  5837
2 20918   1.9052  33.8801 0002314 150.2642 164.9958  1.00275848 36323
SATCOM C1               
1 20945U 90100A   01265.37703322 -.00000253  00000-0  00000+0 0  9441
2 20945   0.0404 276.6132 0002332 269.2006 232.2663  1.00269398 37509
GSTAR 4                 
1 20946U 90100B   01265.34883274 -.00000109  00000-0  10000-3 0  1609
2 20946   0.0175 292.3916 0002297 259.0135 190.4904  1.00272244 34638
NATO 4A                 
1 21047U 91001A   01262.93158647 -.00000165  00000-0  00000+0 0  5953
2 21047   3.4929  47.2842 0002495 105.7338 163.4374  1.00270981 38891
EUTELSAT 2-F2           
1 21056U 91003B   01262.05490742 -.00000122  00000-0  00000+0 0  4157
2 21056   1.4791  92.8405 0003872  54.7105 217.7066  1.00271859 26682
COSMOS 2133             
1 21111U 91010A   01264.94620716 -.00000162  00000-0  00000+0 0  2694
2 21111   5.4472  61.7460 0002582 237.8393 122.2513  1.00269286 38850
RADUGA 27               
1 21132U 91014A   01262.88887402 -.00000335  00000-0  00000+0 0  4198
2 21132   6.7581  62.0747 0002251 249.9000 110.2392  1.00186662 38704
ASTRA 1B                
1 21139U 91015A   01265.00000000  .00000100  00000-0  10000-3 0   745
2 21139   0.0122 319.8851 0002995  65.1991 355.0810  1.00273184 27034
METEOSAT 5 (MOP 2)      
1 21140U 91015B   01265.58059922  .00000001  00000-0  10000-3 0   646
2 21140   4.4942  73.1005 0000615  34.5244 165.9605  1.00277221 40898
ANIK E2                 
1 21222U 91026A   01261.33048043 -.00000073  00000-0  10000-3 0  8851
2 21222   0.0090 262.9405 0001935 248.7096 213.5499  1.00272655 27350
SPACENET 4 (ASC 2)      
1 21227U 91028A   01264.56221745 -.00000025  00000-0  00000+0 0  9570
2 21227   0.0228 269.9020 0001218 308.5345 156.4839  1.00273874 36317
TDRS 5                  
1 21639U 91054B   01264.71686979  .00000066  00000-0  10000-3 0  7327
2 21639   3.0584  84.0521 0001962  82.5798 277.8216  1.00275824 37125
INTELSAT 605            
1 21653U 91055A   01263.00689237 -.00000224  00000-0  10000-3 0  5375
2 21653   0.0335 158.9738 0004711  92.6529  82.2786  1.00269606 36964
ANIK E1                 
1 21726U 91067A   01263.15282000 -.00000022  00000-0  00000+0 0  8466
2 21726   0.0280 272.0923 0001800 251.1977 132.1248  1.00271544 27527
INTELSAT 601            
1 21765U 91075A   01262.03233797 -.00000261  00000-0  00000+0 0  3733
2 21765   0.0030 188.9053 0001809   6.4094 139.8570  1.00270413 36056
COSMOS 2172             
1 21789U 91079A   01259.20769494 -.00000083  00000-0  10000-3 0  7490
2 21789   5.8964  62.3571 0002930 174.2298 186.0073  1.00281876 41050
EUTELSAT 2-F3           
1 21803U 91083A   01264.00545140  .00000110  00000-0  00000+0 0  3509
2 21803   1.3500  94.5899 0005254  39.6585 249.1432  1.00274378 31822
TELECOM 2A              
1 21813U 91084A   01261.85201390 -.00000089  00000-0  10000-3 0  8873
2 21813   0.1990  97.8362 0005026  65.4039 133.2439  1.00272798 34559
INMARSAT 2-F3           
1 21814U 91084B   01263.90206843 -.00000016  00000-0  10000-3 0  3976
2 21814   1.2406  45.0551 0002381 135.2611 209.2742  1.00273487 35718
RADUGA 28               
1 21821U 91087A   01261.99780754 -.00000046  00000-0  00000-0 0  2598
2 21821   5.8098  63.0971 0006118 250.2727 109.8738  1.00360823 35730
SUPERBIRD B1            
1 21893U 92010A   01265.29662304 -.00000017  00000-0  00000+0 0  8987
2 21893   0.1717  87.0117 0015242 234.3607  50.6671  0.99051768 34843
INSAT 2DR               
1 21894U 92010B   01264.61938887  .00000065  00000-0  10000-3 0  3741
2 21894   0.0652 254.3796 0003827 273.5723 110.5664  1.00272722 34906
GALAXY 5                
1 21906U 92013A   01262.27844515  .00000014  00000-0  10000-3 0  6569
2 21906   0.0227 208.1298 0001327 301.4482 183.9029  1.00273546 26554
GORIZONT 25             
1 21922U 92017A   01265.67717882 -.00000304  00000-0  00000+0 0  3367
2 21922   5.5997  63.9747 0001791 140.1807 181.1563  1.00262030 34655
TELECOM 2B              
1 21939U 92021A   01264.01427084  .00000131  00000-0  10000-3 0  4519
2 21939   0.7148  96.3388 0000733  78.9953 225.1988  1.00458272 27392
INMARSAT 2-F4           
1 21940U 92021B   01261.71896480 -.00000375  00000-0  10000-3 0  4347
2 21940   2.4235  11.0709 0002234 192.5520 161.9304  1.00270718 34486
PALAPA B4               
1 21964U 92027A   01265.38193866 -.00000382  00000-0  10000-3 0  1608
2 21964   0.0284 317.3317 0000512 308.9504 350.5379  1.00268136 34185
NSS K                   
1 21989U 92032A   01264.89660293 -.00000185  00000-0  00000+0 0  3012
2 21989   0.0071 180.9841 0002850 335.5535 145.5198  1.00270526 44581
INSAT 2A                
1 22027U 92041A   01263.05883681  .00000102  00000-0  10000-3 0  3621
2 22027   3.4111  82.0204 0011631 132.8400 213.4147  1.00272340 33491
EUTELSAT 2-F4           
1 22028U 92041B   01263.94960405  .00000123  00000-0  10000-3 0  1205
2 22028   0.4640  99.3036 0003543  56.4098 211.4600  1.00273393 26614
GORIZONT 26             
1 22041U 92043A   01264.90581566 -.00000133  00000-0  00000+0 0   291
2 22041   5.3475  65.2736 0002906 126.0330 121.8509  1.00268676 33622
OPTUS B1 (AUSSAT B1)    
1 22087U 92054A   01264.59762567 -.00000130  00000-0  10000-3 0  5286
2 22087   0.0205 184.4640 0003704 324.8239 226.4069  1.00271536 44822
SATCOM C4               
1 22096U 92057A   01265.59031828  .00000068  00000-0  00000+0 0  8118
2 22096   0.0406 287.3717 0008469 247.0547 264.6414  1.00277060 35224
HISPASAT 1A             
1 22116U 92060A   01263.05624933 -.00000238  00000-0  00000+0 0  1617
2 22116   0.0303 147.0627 0003186   9.9642 192.2090  1.00269325 29681
SATCOM C3               
1 22117U 92060B   01264.55568841  .00000048  00000-0  10000-3 0  6145
2 22117   0.0158 241.2255 0003153 279.6850 268.7296  1.00273515 33043
DFS 3                   
1 22175U 92066A   01263.01357061  .00000116  00000-0  00000+0 0  3480
2 22175   0.0214 275.4763 0004404 220.7748 251.1231  1.00273931 30455
EKRAN 20                
1 22210U 92074A   01265.61491948 -.00000109  00000-0  10000-3 0   249
2 22210   5.1224  66.8947 0002064 355.2159 237.0888  1.00215983 32588
GORIZONT 27             
1 22245U 92082A   01265.76012994  .00000121  00000-0  10000-3 0    87
2 22245   5.1555  67.4948 0002698 233.8817 359.7569  1.00263608 36631
SUPERBIRD A1            
1 22253U 92084A   01265.39169213 -.00000148  00000-0  10000-3 0  3740
2 22253   0.0150 282.6357 0001679 236.7392 140.9890  1.00271609 31966
COSMOS 2224             
1 22269U 92088A   01265.01832856 -.00000000  00000-0  00000+0 0  7117
2 22269   4.1778  67.8794 0001776  38.2998 321.9432  1.00390016 31582
TDRS F6                 
1 22314U 93003B   01264.04561922 -.00000298  00000-0  00000+0 0  3149
2 22314   2.2941  88.7755 0002457 153.8026  86.7121  1.00265971 31847
RADUGA 29               
1 22557U 93013A   01263.81879631  .00000052  00000-0  00000+0 0  8289
2 22557   4.8909  69.4621 0002877 151.4352  84.7471  1.00272798 31085
ASTRA 1C                
1 22653U 93031A   01265.00000000  .00000100  00000-0  10000-3 0  6956
2 22653   0.0122 319.8851 0002995  65.1991 355.0464  1.00273184 25736
HISPASAT 1B             
1 22723U 93048A   01263.05916876 -.00000238  00000-0  00000+0 0  9212
2 22723   0.0291 185.0393 0002767 333.1885 192.0453  1.00268077 29637
INSAT 2B                
1 22724U 93048B   01262.72684317 -.00000278  00000-0  10000-3 0   959
2 22724   0.8681  95.6809 0007416  38.5880 219.4904  1.00269180 30211
ACTS                    
1 22796U 93058B   01265.23734481 -.00000106  00000-0  00000+0 0  6036
2 22796   2.5534  87.2505 0000736 167.5490  86.4082  1.00271673 36310
RADUGA 30               
1 22836U 93062A   01265.15631944 -.00000214  00000-0  00000+0 0  8815
2 22836   4.5036  71.5141 0002796 108.6737 323.2730  1.00265963 29199
INTELSAT 701            
1 22871U 93066A   01263.95107697  .00000032  00000-0  00000+0 0  9972
2 22871   0.0345 287.5676 0002277 277.0668 317.6229  1.00271706 28878
GORIZONT 28             
1 22880U 93069A   01265.16008681 -.00000300  00000-0  00000+0 0  8511
2 22880   4.4746  71.4498 0002291 150.8652 292.8839  1.00263579 28948
GORIZONT 29             
1 22907U 93072A   01264.18850405 -.00000359  00000-0  10000-3 0  6501
2 22907   4.4060  71.7260 0002070 182.2882 303.9868  1.00262178 28711
SOLIDARIDAD 1           
1 22911U 93073A   01264.34442178 -.00000132  00000-0  00000+0 0  2712
2 22911   0.8533  96.2519 0003115  29.5472 257.0195  1.00275268 27321
METEOSAT 6              
1 22912U 93073B   01263.83106483 -.00000096  00000-0  00000+0 0  9538
2 22912   1.4648  82.5925 0000174 178.9267  28.2470  1.00271130 27124
NATO 4B                 
1 22921U 93076A   01263.00307293 -.00000181  00000-0  00000-0 0   865
2 22921   1.7933  40.1425 0003682 124.1723 175.5170  1.00269725 28532
DBS                     
1 22930U 93078A   01261.47968200 -.00000081  00000-0  10000-3 0  2334
2 22930   0.0098 202.0597 0001881 342.1905 236.0901  1.00271521 36258
THAICOM 1               
1 22931U 93078B   01263.40414583 -.00000383  00000-0  10000-3 0   108
2 22931   0.0763  87.1850 0001457 195.6801 341.9523  1.00266446 27972
GALS 1                  
1 22963U 94002A   01264.93664943  .00000135  00000-0  00000+0 0  8878
2 22963   2.9636  84.1123 0009428  10.4511 279.2446  1.00246551 28103
RADUGA 1-3              
1 22981U 94008A   01257.08935353  .00000101  00000-0  00000-0 0  2168
2 22981   4.2466  74.2027 0000316 357.7856   2.5342  1.00263455 27842
RADUGA 31               
1 23010U 94012A   01265.03665424  .00000038  00000-0  10000-3 0  7809
2 23010   4.2480  73.8274 0006800 198.2924 161.9350  1.00213733 27763
GALAXY 1R               
1 23016U 94013A   01265.27437839  .00000059  00000-0  10000-3 0  1200
2 23016   0.0233 224.5013 0001584 199.4537 263.0402  1.00271899 27402
GOES 8                  
1 23051U 94022A   01264.43676315 -.00000271  00000-0  00000+0 0  8568
2 23051   0.2454 101.8570 0002790  95.3562 245.8376  1.00272912 34644
GORIZONT 30             
1 23108U 94030A   01265.15735012 -.00000285  00000-0  10000-3 0  5264
2 23108   4.1778  73.7917 0002070 107.7784  18.5955  1.00263558 26900
INTELSAT 702            
1 23124U 94034A   01265.56283412  .00000006  00000-0  00000+0 0  9307
2 23124   0.0161 270.5393 0000983 240.4901 229.0955  1.00273509 40813
COSMOS 2282             
1 23168U 94038A   01264.67846842  .00000071  00000-0  00000+0 0  9326
2 23168   3.0660  72.0733 0010060 238.9748 121.3137  1.00247210 26448
PAS 2                   
1 23175U 94040A   01264.62741517 -.00000051  00000-0  00000+0 0   190
2 23175   0.0132 211.6943 0002878 323.4230 220.2988  1.00272240 25707
BS-3N                   
1 23176U 94040B   01262.67948900 -.00000372  00000-0  00000+0 0  7529
2 23176   0.0270 296.8080 0002231  99.6528 316.5120  1.00267325 26181
APSTAR 1                
1 23185U 94043A   01265.15940451 -.00000313  00000-0  00000+0 0  8505
2 23185   0.0545 301.8569 0000926 181.3461  73.3014  1.00272673 26259
DIRECTV 2               
1 23192U 94047A   01262.34827911 -.00000139  00000-0  10000-3 0   480
2 23192   0.0102 268.1114 0002190 268.3648 206.4820  1.00272033 36205
BRASILSAT B1            
1 23199U 94049A   01265.22735556 -.00000285  00000-0  10000-3 0  9360
2 23199   0.0221 175.7259 0004106 340.7590 216.5547  1.00270819 36957
TURKSAT 1B              
1 23200U 94049B   01261.67344275  .00000131  00000-0  10000-3 0  7224
2 23200   0.0198 170.4051 0002563   7.9357  93.0198  1.00269400 25528
OPTUS B3                
1 23227U 94055A   01264.61054806 -.00000167  00000-0  10000-3 0  9328
2 23227   0.0103 202.2789 0003167 313.6867 220.3711  1.00270629 25878
COSMOS 2291             
1 23267U 94060A   01263.22899352 -.00000287  00000-0  10000-3 0  3155
2 23267   3.8382  75.7038 0006340 261.5161  37.0775  1.00176995 25612
NSS 703                 
1 23305U 94064A   01262.73877311  .00000049  00000-0  00000+0 0  6162
2 23305   0.0095 171.9334 0002086  38.7036 111.0732  1.00274949 25570
SOLIDARIDAD 2           
1 23313U 94065A   01264.46271889 -.00000058  00000-0  10000-3 0  9789
2 23313   0.0110 199.7806 0003041 306.7832 267.4344  1.00272337 25465
THAICOM 2               
1 23314U 94065B   01263.85950421 -.00000142  00000-0  00000+0 0  7875
2 23314   0.0190 267.5167 0002467 249.8042 230.4324  1.00271878 25433
EXPRESS 1               
1 23319U 94067A   01263.84818867 -.00000135  00000-0  00000-0 0  6500
2 23319   1.0627  94.0675 0002297  13.8376 182.7637  1.00272145 25390
ELEKTRO (GOMS)          
1 23327U 94069A   01263.01933927 -.00000095  00000-0  10000-3 0   801
2 23327   4.0937  78.7145 0003875 141.0528 219.3124  1.00293755 25267
ASTRA 1D                
1 23331U 94070A   01262.03773728  .00000117  00000-0  00000+0 0  6401
2 23331   0.0778 238.4719 0007663 267.1322 250.2634  1.00274654 25687
ORION 1                 
1 23413U 94079A   01262.18949876 -.00000273  00000-0  10000-3 0  6382
2 23413   0.0292 299.9950 0001497 175.9195 272.9536  1.00270731 24527
LUCH                    
1 23426U 94082A   01264.63332591  .00000070  00000-0  00000+0 0   969
2 23426   2.8054  90.4925 0004750 307.6442  52.7844  1.00369252 24777
RADUGA 32               
1 23448U 94087A   01261.00250326 -.00000159  00000-0  10000-3 0  2451
2 23448   3.6261  77.5184 0000912 356.2666   4.1560  1.00272326 42318
INTELSAT 704            
1 23461U 95001A   01262.73325333 -.00000024  00000-0  10000-3 0  6898
2 23461   0.0221 282.6631 0001918 212.1976 193.8539  1.00272221 24548
GMS 5                   
1 23522U 95011B   01265.16294560 -.00000300  00000-0  00000+0 0  3646
2 23522   0.7922  78.3569 0000942 261.8794 219.3214  1.00279986 23735
INTELSAT 705            
1 23528U 95013A   01261.86392941 -.00000164  00000-0  00000+0 0  9137
2 23528   0.0190 302.2872 0003503 226.7347 121.8115  1.00270806 23714
BRASILSAT B2            
1 23536U 95016A   01263.42042277 -.00000298  00000-0  10000-3 0  8173
2 23536   0.0433 187.5651 0000524  27.6147 230.5673  1.00270572 23805
HOT BIRD 1              
1 23537U 95016B   01260.70244734  .00000065  00000-0  10000-3 0  4801
2 23537   0.0201 209.2082 0013173  34.6993  18.7032  1.00278327 23766
AMSC 1                  
1 23553U 95019A   01262.34919740 -.00000136  00000-0  10000-3 0  9513
2 23553   0.0165 199.6291 0002100 328.4000 214.9524  1.00270355 23600
INTELSAT 706            
1 23571U 95023A   01263.21925337 -.00000306  00000-0  10000-3 0  6767
2 23571   0.0124 220.8551 0002609 322.4050 201.8024  1.00266011 23226
GOES 9                  
1 23581U 95025A   01265.30816492 -.00000117  00000-0  00000+0 0  7578
2 23581   1.0145  94.2711 0003877 234.3094  39.9227  1.00270588 23217
DBS 3                   
1 23598U 95029A   01261.42824063 -.00000138  00000-0  10000-3 0  8087
2 23598   0.0107 246.2444 0002348 298.5813 225.8930  1.00271742 22979
TDRS F7                 
1 23613U 95035B   01264.55143939  .00000078  00000-0  10000-3 0   315
2 23613   4.6526  73.1151 0002789  93.9850 220.4955  1.00275441 22654
PAS 4                   
1 23636U 95040A   01263.82674516 -.00000078  00000-0  00000+0 0  6160
2 23636   0.0214 171.4877 0005273  22.2810 175.6114  1.00272626 22438
KOREASAT 1              
1 23639U 95041A   01261.81330441  .00000105  00000-0  00000+0 0  6112
2 23639   1.9758  90.0168 0001010 206.2171  41.6276  1.00275648 22496
JCSAT 3                 
1 23649U 95043A   01265.41881944 -.00000364  00000-0  10000-3 0  5969
2 23649   0.0023 248.8282 0004540  53.5565 337.7332  1.00268222 22057
N-STAR-A                
1 23651U 95044A   01263.42016204 -.00000349  00000-0  10000-3 0  6347
2 23651   0.0405 325.4789 0002465 232.8419  84.3051  1.00269698 22187
COSMOS 2319             
1 23653U 95045A   01258.28827794 -.00000152  00000-0  10000-3 0  2339
2 23653   3.1191  81.0481 0006436 334.8959  25.5313  1.00262374 22130
TELSTAR 402R            
1 23670U 95049A   01263.26752525 -.00000206  00000-0  10000-3 0  7611
2 23670   0.0329 309.1618 0004164 305.7322 111.5882  1.00269728 21946
LUCH 1                  
1 23680U 95054A   01261.09834079 -.00000110  00000-0  00000+0 0  8779
2 23680   1.9022 106.5038 0005977 231.6268 129.6223  1.00266320 21776
ASTRA 1E                
1 23686U 95055A   01265.00000000  .00000100  00000-0  10000-3 0  4263
2 23686   0.0122 319.8851 0002995  65.1991 354.9935  1.00273184 21785
GALS 2                  
1 23717U 95063A   01263.81037617  .00000135  00000-0  00000+0 0  6858
2 23717   0.8897  95.4073 0001482 112.6414 119.9489  1.00268440 21397
ASIASAT 2               
1 23723U 95064A   01264.29954282 -.00000327  00000-0  00000+0 0  6994
2 23723   0.0248 295.0853 0002705 239.2527  34.1950  1.00268195 21310
TELECOM 2C              
1 23730U 95067A   01264.04752316 -.00000062  00000-0  00000+0 0  7988
2 23730   0.0550 148.7954 0004162  23.4028 199.9163  1.00272165 21338
INSAT 2C                
1 23731U 95067B   01262.72349363 -.00000277  00000-0  10000-3 0  6685
2 23731   0.0771 283.7319 0006502 255.5491 173.1799  1.00264863 21202
GALAXY 3R               
1 23741U 95069A   01265.70322037 -.00000170  00000-0  00000+0 0  7765
2 23741   0.0101 201.1590 0001773 318.2878   0.2661  1.00270359 21234
ECHOSTAR 1              
1 23754U 95073A   01262.49821458  .00000107  00000-0  00000+0 0  7374
2 23754   0.0389 312.7088 0001462 194.0400 243.0811  1.00274089 20847
PANAMSAT 3R             
1 23764U 96002A   01264.02148645 -.00000289  00000-0  00000+0 0  6202
2 23764   0.0101 203.0644 0002222 339.7029 141.9589  1.00270644 20841
MEASAT 1                
1 23765U 96002B   01262.64543403 -.00000263  00000-0  10000-3 0  6768
2 23765   0.0150 195.7313 0004961 129.1111 357.6063  1.00268139 20817
KOREASAT 2              
1 23768U 96003A   01265.60166362 -.00000377  00000-0  00000+0 0  5339
2 23768   0.0170 183.3719 0004363  77.0076  70.6420  1.00265542 20827
GORIZONT 31             
1 23775U 96005A   01263.80710649  .00000130  00000-0  10000-3 0  1261
2 23775   2.8349  80.6708 0010575 150.4192  98.8415  1.00267718 20729
PALAPA C1               
1 23779U 96006A   01262.82030478  .00000092  00000-0  00000+0 0  8463
2 23779   0.0187 225.9178 0003097 254.6428 223.5687  1.00274242 20580
N STAR B                
1 23781U 96007A   01265.43337963 -.00000326  00000-0  10000-3 0  5447
2 23781   0.0377 311.2286 0002043 255.8253  86.3061  1.00270476 20645
INTELSAT 707            
1 23816U 96015A   01261.01532745 -.00000034  00000-0  00000+0 0  6891
2 23816   0.0232 246.2806 0002660 286.9275 188.3066  1.00272402 20215
INMARSAT 3-F1           
1 23839U 96020A   01265.60563285 -.00000002  00000-0  00000+0 0  6765
2 23839   0.0581 302.2928 0005628 250.1848  90.9462  1.00272965 20055
ASTRA 1F                
1 23842U 96021A   01265.00000000  .00000100  00000-0  10000-3 0  4722
2 23842   0.0122 319.8851 0002995  65.1991 355.0068  1.00273184 19965
MSAT-M1                 
1 23846U 96022A   01265.47602255 -.00000099  00000-0  10000-3 0  8753
2 23846   0.0139  40.8657 0005090 132.0063 253.4221  1.00272661 19876
PALAPA C2               
1 23864U 96030A   01262.71109317 -.00000380  00000-0  00000+0 0  6292
2 23864   0.0090 218.2942 0001427 291.7681 217.5906  1.00268426 19571
AMOS 1                  
1 23865U 96030B   01264.94789730 -.00000054  00000-0  10000-3 0  9200
2 23865   0.0384 319.7350 0004106 198.7622 179.6183  1.00272531 19595
GALAXY 9                
1 23877U 96033A   01264.55635265  .00000028  00000-0  00000+0 0  7489
2 23877   0.0246 209.6874 0000684 324.2108 259.8368  1.00271588 19536
GORIZONT 32             
1 23880U 96034A   01263.91839486  .00000078  00000-0  00000+0 0   796
2 23880   2.6259  83.0404 0000227 123.2121 177.1133  1.00267699 19495
INTELSAT 709            
1 23915U 96035A   01263.04387733 -.00000304  00000-0  10000-3 0  6821
2 23915   0.0099 184.8421 0002170 301.2958 198.6309  1.00267837 19309
APSTAR A1               
1 23943U 96039A   01265.71709780 -.00000337  00000-0  00000+0 0  4102
2 23943   0.0439  42.5514 0001010  63.9135 287.3450  1.00273102 19150
ARABSAT 2A              
1 23948U 96040A   01263.82812395  .00000124  00000-0  10000-3 0  6869
2 23948   0.0253  64.2201 0004365  61.7559 197.8309  1.00272155 19060
TURKSAT 1C              
1 23949U 96040B   01263.82757317  .00000125  00000-0  10000-3 0  6784
2 23949   0.0986 170.9646 0013743 336.8449 191.9503  1.00274758 19057
ITALSAT F2              
1 24208U 96044A   01263.81802663  .00000085  00000-0  00000+0 0  6725
2 24208   0.0795  76.4579 0018698 148.0051  86.0110  1.00277582 18599
TELECOM 2D              
1 24209U 96044B   01261.85120372 -.00000087  00000-0  10000-3 0  5859
2 24209   0.0635 110.8324 0003160  76.4775 109.0628  1.00272917 18866
INMARSAT 3-F2           
1 24307U 96053A   01262.83379631 -.00000145  00000-0  00000+0 0  8416
2 24307   0.0430 302.3709 0004457 208.2238 132.8660  1.00271452 18438
ECHOSTAR 2              
1 24313U 96055A   01265.77302488 -.00000016  00000-0  10000-3 0  6248
2 24313   0.0295 309.1702 0001596 240.6711 330.7815  1.00273559 18508
GE-1                    
1 24315U 96054A   01261.30654829 -.00000125  00000-0  10000-3 0  7166
2 24315   0.0369 275.5487 0002712 258.6292 190.4652  1.00271114 18417
EXPRESS 2               
1 24435U 96058A   01265.19184896 -.00000342  00000-0  00000+0 0  2617
2 24435   2.8715  85.1297 0002898 130.7559 317.7603  1.00261535 18269
ARABSAT 2B              
1 24652U 96063A   01261.67258419  .00000131  00000-0  10000-3 0  4821
2 24652   0.0233 149.4978 0000373   1.5925 119.1876  1.00273899 18243
MEASAT 2                
1 24653U 96063B   01263.63410273 -.00000240  00000-0  00000+0 0  6355
2 24653   0.0110 196.0254 0001679 161.7228  18.0898  1.00268862 17837
HOT BIRD 2              
1 24665U 96067A   01246.07762733  .00000079  00000-0  10000-3 0  2958
2 24665   0.0301 283.3540 0051090 169.2613 291.1065  1.00280565 17916
INMARSAT 3-F3           
1 24674U 96070A   01263.47481201  .00000019  00000-0  10000-3 0  7312
2 24674   0.0496 320.1637 0002417 202.9879 185.2946  1.00276149 17404
GE-2                    
1 24713U 97002A   01262.27202957 -.00000228  00000-0  00000-0 0  6057
2 24713   0.0219 252.8659 0003398 265.1120 213.3032  1.00269742 16998
NAHUEL 1A               
1 24714U 97002B   01262.86752264 -.00000281  00000-0  10000-3 0  5753
2 24714   0.0098 232.6079 0004419 305.6724  61.0199  1.00268595 16998
JCSAT 4                 
1 24732U 97007A   01264.32508681 -.00000369  00000-0  10000-3 0  5929
2 24732   0.0080 220.3701 0001533 324.4316  59.4618  1.00267180 16733
INTELSAT 801            
1 24742U 97009A   01264.02915510 -.00000245  00000-0  10000-3 0  6375
2 24742   0.0354 310.2184 0005251 238.5843 150.1626  1.00269888 16749
TEMPO 2                 
1 24748U 97011A   01265.78402604 -.00000020  00000-0  00000+0 0  6717
2 24748   0.0389 123.1855 0001372  56.4386 345.5428  1.00273380 16740
THAICOM 3               
1 24768U 97016A   01263.85849862 -.00000142  00000-0  10000-3 0  6957
2 24768   0.0764  60.4014 0007711 150.5220 176.4680  1.00272318 16454
B-SAT 1A                
1 24769U 97016B   01262.70063715 -.00000371  00000-0  00000+0 0  5987
2 24769   0.0428 191.7685 0001332 324.5235 204.1881  1.00271914 16257
GOES 10                 
1 24786U 97019A   01264.69021780  .00000070  00000-0  00000+0 0  8679
2 24786   0.2107 277.6041 0004241 238.6947 317.3845  1.00268713 16170
DFH 3-F2                
1 24798U 97021A   01265.78902257 -.00000373  00000-0  00000+0 0  1561
2 24798   0.1854 107.8275 0004433  73.4040 229.4673  1.00270298 16012
THOR 2A                 
1 24808U 97025A   01263.94531980 -.00000029  00000-0  10000-3 0  4672
2 24808   0.0355 231.1007 0001905 345.5249 122.8326  1.00272654 15904
TELSTAR 5               
1 24812U 97026A   01265.29129976 -.00000159  00000-0  10000-3 0  6762
2 24812   0.0240 323.7031 0001460 211.0252 194.3556  1.00270844 15889
INMARSAT 3-F4           
1 24819U 97027A   01264.06219909 -.00000306  00000-0  10000-3 0  6551
2 24819   0.0511 333.8756 0003100 208.3635 146.1834  1.00272154 15835
FY-2                    
1 24834U 97029A   01264.93078125 -.00000206  00000-0  00000+0 0  7194
2 24834   1.3312  93.4873 0000838 131.7916 196.1031  1.00266375 15674
INTELSAT 802            
1 24846U 97031A   01260.58845830 -.00000013  00000-0  00000+0 0  5297
2 24846   0.0317 283.2924 0002733 253.2401 205.9188  1.00273488 15551
SUPERBIRD C             
1 24880U 97036A   01262.32842081 -.00000272  00000-0  10000-3 0  5077
2 24880   0.0143 267.6479 0014577 115.1832 237.8457  1.00268932 15124
PAS 6                   
1 24891U 97040A   01264.01088295 -.00000290  00000-0  10000-3 0  4373
2 24891   0.0425 319.6186 0002498 225.7527 135.2803  1.00269987 15127
COSMOS 2345             
1 24894U 97041A   01262.85151253 -.00000329  00000-0  00000+0 0  5898
2 24894   1.9034  87.4573 0165085  48.4302 313.6834  1.00276971 15070
MABUHAY                 
1 24901U 97042A   01263.21625405 -.00000257  00000-0  00000+0 0  5535
2 24901   0.0275 314.8344 0003693 217.4344  50.6952  1.00267938 14979
PAS 5                   
1 24916U 97046A   01263.38431144  .00000115  00000-0  10000-3 0  4455
2 24916   0.0284 153.0991 0001508 120.5048  68.6224  1.00273870 15013
HOT BIRD 3              
1 24931U 97049A   01253.72705538  .00000083  00000-0  10000-3 0  3715
2 24931   0.0562 224.8449 0007394 351.9056  47.8125  1.00275489 14805
METEOSAT 7              
1 24932U 97049B   01262.94303700 -.00000025  00000-0  00000-0 0  9512
2 24932   0.3038 302.5581 0001176 355.7934  40.3140  1.00264587 14832
GE 3                    
1 24936U 97050A   01264.26276316 -.00000216  00000-0  10000-3 0  5867
2 24936   0.0277 252.4594 0000981 311.1321 164.1158  1.00270364 14850
NSS 803                 
1 24957U 97053A   01264.89918120 -.00000185  00000-0  00000+0 0  4980
2 24957   0.0216 274.8904 0003052 262.5901 125.5877  1.00270440 14667
ECHOSTAR 3              
1 25004U 97059A   01262.33191115 -.00000304  00000-0  00000-0 0  4786
2 25004   0.0339 309.9135 0001150 292.7641 173.6241  1.00270073 14544
APSTAR 2R               
1 25010U 97062A   01265.61634141 -.00000121  00000-0  00000+0 0  9288
2 25010   0.0097 203.9162 0004041 348.6960 107.3043  1.00271561 14415
SIRIUS 2                
1 25049U 97071A   01261.83664932  .00000010  00000-0  10000-3 0  4692
2 25049   0.0070 196.0470 0002114  74.1074  33.6598  1.00273294 14127
CAKRAWARTA 1            
1 25050U 97071B   01263.25109549 -.00000365  00000-0  00000+0 0  5364
2 25050   0.0602 337.2543 0005028 232.3468 347.6280  1.00277425 14151
JCSAT 5                 
1 25067U 97075A   01265.46697338 -.00000221  00000-0  10000-3 0  4960
2 25067   0.0047 204.5678 0001439 335.0131 139.8898  1.00269559 13982
ASTRA 1G                
1 25071U 97076A   01265.00000000  .00000100  00000-0  10000-3 0  3043
2 25071   0.0122 319.8851 0002995  65.1991 355.0382  1.00273184 13986
GALAXY 8I               
1 25086U 97078A   01263.09814870 -.00000173  00000-0  00000+0 0  5741
2 25086   0.0277 285.4769 0002192 245.3624 128.6416  1.00271425 13857
INTELSAT 804            
1 25110U 97083A   01261.64327034 -.00000009  00000-0  00000+0 0  4922
2 25110   0.0248 282.2436 0004459 262.0879 109.0153  1.00273411 13796
PANAMSAT 22             
1 25126U 97086A   01263.38920711 -.00000309  00000-0  10000-3 0  4654
2 25126   6.1892 284.9315 0049202 351.7194 162.8913  1.00272792 14536
SKYNET 4D               
1 25134U 98002A   01264.03850117 -.00000260  00000-0  10000-3 0  5351
2 25134   1.9227 326.6372 0001818 316.6183  56.5159  1.00273250 13592
BRASILSAT B3            
1 25152U 98006A   01263.25367715 -.00000232  00000-0  00000+0 0  5292
2 25152   0.0482 169.3129 0001988   8.6217 188.5621  1.00268865 13362
INMARSAT 3-F5           
1 25153U 98006B   01264.00767941  .00000121  00000-0  10000-3 0  6407
2 25153   0.4455 345.6025 0004932 149.0790 253.1393  1.00277533 13333
HOT BIRD 4              
1 25237U 98013A   01254.00132368  .00000082  00000-0  10000-3 0  2835
2 25237   0.0449 136.6729 0004856   8.5582 218.3788  1.00275980 13275
NSS 806                 
1 25239U 98014A   01264.04487270 -.00000282  00000-0  00000+0 0  4838
2 25239   0.0124 245.3879 0003045 298.7449 151.5068  1.00270248 13120
NILESAT                 
1 25311U 98024A   01261.35103851 -.00000080  00000-0  10000-3 0  4911
2 25311   0.0585 123.5929 0004712  26.8774 326.2768  1.00272728 12704
B-SAT 1B                
1 25312U 98024B   01263.70118345 -.00000370  00000-0  00000+0 0  4565
2 25312   0.0668 290.3587 0002098   1.4429  69.8778  1.00269157 12502
COSMOS 2350             
1 25315U 98025A   01260.80520207 -.00000097  00000-0  00000+0 0  4242
2 25315   0.5124  50.2986 0005021 310.2775 359.4160  1.00285562 12429
ECHOSTAR 4              
1 25331U 98028A   01265.77730961 -.00000019  00000-0  00000+0 0  5698
2 25331   0.2275  94.4771 0001132 130.0791 298.0932  1.00273790 12490
CHINASTAR 1             
1 25354U 98033A   01265.31468750 -.00000226  00000-0  00000+0 0  9057
2 25354   0.0294 276.9905 0002543 184.2238 100.7840  1.00270141 16706
THOR 3                  
1 25358U 98035A   01261.02486346 -.00000033  00000-0  10000-3 0  4098
2 25358   0.0464 192.6609 0001565 332.6709 199.7714  1.00272368 12098
INTELSAT 805            
1 25371U 98037A   01264.06144098 -.00000306  00000-0  00000+0 0  3836
2 25371   0.0214 280.3795 0004114 266.5837 139.6358  1.00268140 11973
SINOSAT 1               
1 25404U 98044A   01265.72026671 -.00000371  00000-0  00000+0 0  7837
2 25404   0.0743  62.0947 0003202  99.6366 209.6919  1.00269010 11844
ST-1                    
1 25460U 98049A   01263.80584028 -.00000231  00000-0  00000+0 0  3949
2 25460   0.0178 216.8773 0001596 350.6126 170.3399  1.00270174 11289
ASTRA-2A                
1 25462U 98050A   01263.81301506  .00000129  00000-0  00000+0 0  4397
2 25462   0.0486 292.3117 0002541 288.0854 100.2776  1.00275445 11262
PAS 7                   
1 25473U 98052A   01263.83019552 -.00000047  00000-0  00000+0 0  4277
2 25473   0.0289 296.2454 0002427 213.6565 217.4157  1.00272740 11054
EUTELSAT W2             
1 25491U 98056A   01257.83335649  .00000056  00000-0  00000+0 0  4169
2 25491   0.0975 356.3044 0151886  74.2254 241.2139  1.00282912 10819
SIRIUS 3                
1 25492U 98056B   01262.30250620  .00000012  00000-0  00000-0 0  3828
2 25492   0.0189 201.7767 0000998 336.0100 294.3722  1.00272840 10926
HOTBIRD 5               
1 25495U 98057A   01259.85300927  .00000065  00000-0  10000-3 0  4209
2 25495   0.0984 318.7161 0015921 131.2976 226.1008  1.00275169 10801
AFRISTAR                
1 25515U 98063A   01264.00471066  .00000107  00000-0  00000+0 0  4207
2 25515   0.0386 348.1118 0003264 144.9128 249.6131  1.00272681 10630
GE 5                    
1 25516U 98063B   01265.17307149 -.00000252  00000-0  00000+0 0  3309
2 25516   0.0118 285.3821 0002929 338.6273  80.3000  1.00268353 10677
PAS 8                   
1 25522U 98065A   01261.38438269 -.00000080  00000-0  00000+0 0  4585
2 25522   0.0347 300.3914 0003322 247.3183 114.0355  1.00271710 10605
BONUM 1                 
1 25546U 98068A   01265.58221747  .00000059  00000-0  00000+0 0  7556
2 25546   0.0175 265.8220 0001058 252.5225 108.6915  1.00273087 10468
SAT MEX 5               
1 25558U 98070A   01261.26413126 -.00000035  00000-0  10000-3 0  3913
2 25558   0.0304 267.6617 0001721  28.9601  38.8612  1.00269463 10411
PAS 6B                  
1 25585U 98075A   01264.01727293 -.00000290  00000-0  00000+0 0  4073
2 25585   0.0352 108.7896 0000386 126.4989  87.7711  1.00268914 10151
TELSTAR 6               
1 25626U 99005A   01262.28464554 -.00000185  00000-0  10000-3 0  3648
2 25626   0.0243 300.7969 0001097 182.8054 244.1268  1.00270631  9524
JCSAT 06                
1 25630U 99006A   01262.70976852 -.00000379  00000-0  00000+0 0  4898
2 25630   0.0076 236.1616 0003749 208.3594 293.6073  1.00266362  9397
ARABSAT 3A              
1 25638U 99009A   01263.84431714  .00000124  00000-0  10000-3 0  3675
2 25638   0.0675 211.5318 0004278 127.1281 351.0280  1.00275110  9463
SKYNET 4E               
1 25639U 99009B   01260.95183013  .00000068  00000-0  00000+0 0  3651
2 25639   2.2973 331.3657 0003754 198.7803 222.5077  1.00278436  9413
RADUGA 1-4              
1 25642U 99010A   01265.67145807  .00000139  00000-0  00000+0 0  5718
2 25642   1.8783 133.5040 0001279  96.4477  48.6921  1.00284874  9395
ASIASAT 3S              
1 25657U 99013A   01263.22595660 -.00000355  00000-0  00000+0 0  4183
2 25657   0.0149 208.9186 0001556 317.0703  20.0395  1.00270193  9217
INSAT 2E                
1 25666U 99016A   01265.58185632 -.00000183  00000-0  00000+0 0  4797
2 25666   0.0193 294.2411 0009410 279.2226  80.4350  1.00269998  9189
EUTELSAT W3             
1 25673U 99018A   01263.02980325  .00000026  00000-0  10000-3 0  3728
2 25673   0.0163  87.4488 0008230 174.7119 114.5087  1.00273770  8985
NIMIQ 1                 
1 25740U 99027A   01264.10554591 -.00000194  00000-0  00000+0 0  3761
2 25740   0.0086 228.2362 0001755 282.8985 155.7603  1.00272417  8615
ASTRA 1H                
1 25785U 99033A   01265.00000000  .00000100  00000-0  10000-3 0  2847
2 25785   0.0122 319.8851 0002995  65.1991 354.9579  1.00273184  8348
TELKOM 1                
1 25880U 99042A   01263.24767188 -.00000365  00000-0  00000-0 0  3834
2 25880   0.0366 265.7997 0001386 274.6848  15.7975  1.00266100  7784
KOREASAT 3              
1 25894U 99046A   01263.81766782 -.00000383  00000-0  00000+0 0  3069
2 25894   0.0049 358.8549 0001521 260.6593 150.5819  1.00268575  6576
YAMAL 102               
1 25897U 99047B   01265.72090468 -.00000247  00000-0  00000+0 0  5337
2 25897   0.0128 138.6924 0003243  45.1820 167.1183  1.00272871  7573
ECHOSTAR 5              
1 25913U 99050A   01263.22562487 -.00000078  00000-0  10000-3 0  3489
2 25913   0.0412 315.2483 0001661 285.9499  89.1969  1.00272044  7307
TELSTAR 7               
1 25922U 99052A   01264.61655995  .00000039  00000-0  00000+0 0  2774
2 25922   0.0349 319.2435 0002311 172.1903 322.0581  1.00270334  7294
LMI-1                   
1 25924U 99053A   01265.49122685 -.00000106  00000-0  00000+0 0  3642
2 25924   0.0250 300.9629 0001726 289.5145  22.7620  1.00272057  7336
DIRECTV 1-R             
1 25937U 99056A   01262.35200273 -.00000136  00000-0  10000-3 0  3931
2 25937   0.0144 177.9637 0001277 290.9057 274.9982  1.00271793  7161
ORION 2                 
1 25949U 99059A   01262.88487848 -.00000141  00000-0  00000-0 0  4708
2 25949   0.0568 114.9417 0002938 102.1830  85.2413  1.00270579  7027
GE 4                    
1 25954U 99060A   01262.35122075 -.00000136  00000-0  10000-3 0  3422
2 25954   0.0282 286.2134 0001310 237.6575 219.7895  1.00270895  6879
UFO 10 (USA 146)        
1 25967U 99063A   01265.58688887 -.00000085  00000-0  00000+0 0  3849
2 25967   4.7971 309.4159 0005105 196.6312 139.0327  1.00273912  6779
GALAXY 11               
1 26038U 99071A   01264.10695846 -.00000195  00000-0  00000+0 0  5752
2 26038   0.0217 346.9674 0000105 356.4073 324.1802  1.00270731  6506
GALAXY 10R              
1 26056U 00002A   01264.41329979  .00000005  00000-0  00000+0 0  2917
2 26056   0.0023 197.1815 0000481 180.3959   8.5736  1.00272592  6155
ZHONGXING-22            
1 26058U 00003A   01265.32739005 -.00000311  00000-0  00000+0 0  5011
2 26058   0.0449 166.0668 0002899  52.3686 358.6026  1.00275978  6130
HISPASAT 1C             
1 26071U 00007A   01263.06198431 -.00000239  00000-0  00000+0 0  2286
2 26071   0.0188 136.0991 0000870   8.7297 206.3406  1.00268326  6030
GARUDA 1                
1 26089U 00011A   01264.95065394 -.00000379  00000-0  00000+0 0  2432
2 26089   1.7298 283.6940 0002917 194.2297 348.1904  1.00268641  5933
SUPERBIRD 4             
1 26095U 00012A   01263.59127782 -.00000113  00000-0  00000+0 0  4291
2 26095   0.0095 184.6038 0001092 331.0704 218.7333  1.00270933  5881
EXPRESS 2A              
1 26098U 00013A   01265.57998649 -.00000155  00000-0  00000+0 0  4895
2 26098   0.0478 278.8525 0002327 234.0404 137.4053  1.00271028  5609
ASIASTAR                
1 26107U 00016A   01263.22788484 -.00000352  00000-0  00000+0 0  2801
2 26107   0.0167 345.3808 0003848 180.4341  20.3723  1.00268006  5541
INSAT 3B                
1 26108U 00016B   01265.58349273 -.00000184  00000-0  00000+0 0  2625
2 26108   0.0366 287.5349 0003299 183.4293 183.6383  1.00269738  5525
SESAT                   
1 26243U 00019A   01261.67939182  .00000133  00000-0  10000-3 0  2514
2 26243   0.0101 249.1164 0006306  52.9706 336.2175  1.00276943  5208
GALAXY 4R               
1 26298U 00020A   01263.29783214 -.00000148  00000-0  00000-0 0  3681
2 26298   0.0101 261.2639 0000849 204.0161 262.1814  1.00271263  5332
GOES 11                 
1 26352U 00022A   01264.42423117 -.00000090  00000-0  10000-3 0  3379
2 26352   0.2105 277.5217 0005209 292.2036 195.1420  1.00279087  5077
EUTELSAT W4             
1 26369U 00028A   01261.67458663  .00000133  00000-0  10000-3 0  2221
2 26369   0.0505  68.7968 0020110 176.7135  30.9018  1.00275033  4855
GORIZONT 33             
1 26372U 00029A   01263.64122850 -.00000264  00000-0  00000-0 0  4034
2 26372   0.4186 300.4499 0001155 280.1125 155.0544  1.00268024  4833
EXPRESS 3A              
1 26378U 00031A   01263.85896992 -.00000110  00000-0  00000+0 0  3512
2 26378   0.0652 268.8867 0001598 224.9885 164.1476  1.00271494  4547
FENGYUN 2B              
1 26382U 00032A   01265.16577546 -.00000349  00000-0  00000+0 0  3597
2 26382   0.2604 186.5496 0000707 144.4131 194.1663  1.00281651  4554
TDRS 8                  
1 26388U 00034A   01265.26513477  .00000109  00000-0  00000+0 0  3255
2 26388   6.0817 289.2972 0023471 204.8909 172.1848  1.00266444  4618
COSMOS 2371             
1 26394U 00036A   01265.33629630 -.00000153  00000-0  10000-3 0  3469
2 26394   0.4460 289.3044 0001274 243.2233  29.6174  1.00268342  4451
ECHOSTAR 6              
1 26402U 00038A   01265.77516725 -.00000018  00000-0  00000+0 0  2665
2 26402   0.0491  78.9991 0001262 112.1313 330.5618  1.00272188  4386
PAS 9                   
1 26451U 00043A   01264.06945024 -.00000305  00000-0  00000+0 0  2405
2 26451   0.0108 274.9978 0000155 177.7466 234.2017  1.00267271  4249
BRAZILSAT B4            
1 26469U 00046A   01262.39474806 -.00000191  00000-0  00000+0 0  3006
2 26469   0.0486 225.9898 0001383 302.6842 239.8190  1.00272090  4029
NILESAT 102             
1 26470U 00046B   01261.35836108 -.00000080  00000-0  10000-2 0  1830
2 26470   0.0192 262.4469 0003557 285.5079 291.4539  1.00273486  4011
RADUGA 1-5              
1 26477U 00049A   01265.60904935  .00000102  00000-0  00000+0 0  2950
2 26477   0.6073 284.1098 0000719 229.4712 115.9127  1.00265922  3905
EUTELSAT W1             
1 26487U 00052A   01263.06468751  .00000047  00000-0  00000+0 0  1793
2 26487   0.0064 200.6362 0006244 330.9012 220.7715  1.00275153  3845
ASTRA 2B                
1 26494U 00054A   01261.00000000  .00000127  00000-0  00000+0 0  1692
2 26494   0.0178 354.5658 0011572 302.8402  87.7916  1.00276704  3721
GE 7                    
1 26495U 00054B   01265.42670841  .00000077  00000-0  00000+0 0  2021
2 26495   0.0386 270.5756 0000932 357.1518 110.2968  1.00274523  3779
GE 1A                   
1 26554U 00059A   01263.24607234 -.00000366  00000-0  00000+0 0  2422
2 26554   0.0472 302.4331 0001984 269.2240 344.3422  1.00269897  3591
NSAT 110                
1 26559U 00060A   01264.53532928 -.00000371  00000-0  00000+0 0  2368
2 26559   0.0375 264.2495 0000918 280.9260 118.0565  1.00268437  3539
THURAYA 1               
1 26578U 00066A   01264.11133682  .00000110  00000-0  00000+0 0  2004
2 26578   5.7352 325.4410 0004438 182.5260 296.1998  1.00274870  3460
GE 6                    
1 26580U 00067A   01264.91823156 -.00000279  00000-0  10000-3 0  2066
2 26580   0.0618 299.8759 0003345 246.0341  73.4865  1.00268654  3392
EUROPE*STAR F1          
1 26590U 00068A   01265.60118759  .00000117  00000-0  00000+0 0  1896
2 26590   0.0242 282.6153 0003474 233.1709 107.1524  1.00273263  3335
BEIDOU 1                
1 26599U 00069A   01265.67245660 -.00000300  00000-0  00000+0 0  2992
2 26599   0.0298 150.8430 0005022  11.5185 221.2512  1.00273451  3374
PAS 1R                  
1 26608U 00072A   01265.12344826 -.00000294  00000-0  00000+0 0  2454
2 26608   0.0110 355.2293 0002096 230.2701 134.8905  1.00266875  3173
ANIK F1                 
1 26624U 00076A   01265.16167034 -.00000094  00000-0  00000+0 0  2238
2 26624   0.0146 305.8506 0000258 114.9462 251.2040  1.00271393  3140
ASTRA 2D                
1 26638U 00081A   01261.00000000  .00000127  00000-0  10000-3 0  1361
2 26638   0.0436  41.7768 0016662 183.5639 159.8108  1.00277565  2826
GE 8                    
1 26639U 00081B   01262.33128400  .00000081  00000-0  10000-3 0  1824
2 26639   0.0395 242.0369 0000732 281.1662 175.4863  1.00276476  2806
BEIDOU 1B               
1 26643U 00082A   01265.60042370 -.00000159  00000-0  10000-3 0  2158
2 26643   0.0142 227.3315 0004155 257.2202 173.5481  1.00271923  2813
TURKSAT-2A              
1 26666U 01002A   01262.90522601  .00000124  00000-0  10000-3 0  1280
2 26666   0.0523 135.8306 0004356 351.6403 239.3220  1.00275418  2555
SICRAL 1                
1 26694U 01005A   01263.90532409 -.00000002  00000-0  00000+0 0  1126
2 26694   0.2066 126.4032 0383532  96.7196 114.8027  1.00279855  2319
SKYNET 4F               
1 26695U 01005B   01264.90421309  .00000015  00000-0  00000+0 0  1576
2 26695   3.4832 305.6476 0002658 203.9894 182.6742  1.00262141  2309
EUROBIRD                
1 26719U 01011A   01263.87639313  .00000130  00000-0  00000+0 0  1096
2 26719   0.0266  57.8580 0007311 120.5848 165.3515  1.00274244  1982
B-SAT 2A                
1 26720U 01011B   01264.54064525 -.00000370  00000-0  00000+0 0  1200
2 26720   0.0400 328.2637 0004513 195.7857 140.9681  1.00270503  1984
XM-2                    
1 26724U 01012A   01262.42447627 -.00000047  00000-0  00000+0 0  1412
2 26724   0.0261  30.4883 0000152 233.2158 132.5032  1.00272789  1946
EKRAN 21                
1 26736U 01014A   01264.35325289 -.00000319  00000-0  00000+0 0  1489
2 26736   1.6455 255.1721 0003778 299.4464  32.1395  1.00268691  1752
XM-1                    
1 26761U 01018A   01262.33824678 -.00000228  00000-0  00000+0 0  1213
2 26761   0.0346 359.6978 0000171 317.3389  77.8973  1.00270593  1422
PAS 10                  
1 26766U 01019A   01263.83310586 -.00000046  00000-0  10000-3 0   642
2 26766   0.0140 192.6795 0002103   3.8230 171.7357  1.00274217  1337
INTELSAT 901            
1 26824U 01024A   01264.62273605 -.00000305  00000-0  00000+0 0   778
2 26824   0.0306 264.7594 0002213 267.0396   0.0121  1.00268986  1084
ARTEMIS                 
1 26863U 01029A   01263.70642303 -.00000091  00000-0  00000-0 0   918
2 26863   0.8601 155.8189 0007909  16.8286 313.2250  1.20489046  1130
