GORIZONT 25             
1 21922U 92017A   01265.67717882 -.00000304  00000-0  00000+0 0  3367
2 21922   5.5997  63.9747 0001791 140.1807 181.1563  1.00262030 34655
GORIZONT 26             
1 22041U 92043A   01264.90581566 -.00000133  00000-0  00000+0 0   291
2 22041   5.3475  65.2736 0002906 126.0330 121.8509  1.00268676 33622
GORIZONT 27             
1 22245U 92082A   01265.76012994  .00000121  00000-0  10000-3 0    87
2 22245   5.1555  67.4948 0002698 233.8817 359.7569  1.00263608 36631
GORIZONT 28             
1 22880U 93069A   01265.16008681 -.00000300  00000-0  00000+0 0  8511
2 22880   4.4746  71.4498 0002291 150.8652 292.8839  1.00263579 28948
GORIZONT 29             
1 22907U 93072A   01264.18850405 -.00000359  00000-0  10000-3 0  6501
2 22907   4.4060  71.7260 0002070 182.2882 303.9868  1.00262178 28711
GORIZONT 30             
1 23108U 94030A   01265.15735012 -.00000285  00000-0  10000-3 0  5264
2 23108   4.1778  73.7917 0002070 107.7784  18.5955  1.00263558 26900
GORIZONT 31             
1 23775U 96005A   01263.80710649  .00000130  00000-0  10000-3 0  1261
2 23775   2.8349  80.6708 0010575 150.4192  98.8415  1.00267718 20729
GORIZONT 32             
1 23880U 96034A   01263.91839486  .00000078  00000-0  00000+0 0   796
2 23880   2.6259  83.0404 0000227 123.2121 177.1133  1.00267699 19495
GORIZONT 33             
1 26372U 00029A   01263.64122850 -.00000264  00000-0  00000-0 0  4034
2 26372   0.4186 300.4499 0001155 280.1125 155.0544  1.00268024  4833
