GPS BII-01              
1 19802U 89013A   99362.46616880 -.00000085  00000-0  00000-0 0  8554
2 19802  56.0944  59.4204 0003968 152.0121 208.0602  2.00549023 79573
GPS BII-02              
1 20061U 89044A   99362.81075062  .00000008  00000-0  00000-0 0  7662
2 20061  53.5515 233.0122 0195559 237.2824 120.8869  2.00556498 77322
GPS BII-03              
1 20185U 89064A   99361.51900889 -.00000079  00000-0  10000-3 0  8081
2 20185  55.8891  59.6413 0041422  19.2554 340.9525  2.00560357 75874
GPS BII-04              
1 20302U 89085A   99361.68018381  .00000061  00000-0  00000-0 0  8301
2 20302  53.1346 172.5593 0055515 200.0118 159.7567  2.00559089 74678
GPS BII-05              
1 20361U 89097A   99362.19951347 -.00000077  00000-0  00000-0 0  5905
2 20361  56.4110   2.6085 0112779 168.6938 191.5844  2.00579683 64169
GPS BII-06              
1 20452U 90008A   99362.59700899 -.00000010  00000-0  00000-0 0  7187
2 20452  54.3769 114.1570 0075241 108.1724 252.6332  2.00565955 72672
GPS BII-07              
1 20533U 90025A   99363.95091543  .00000005  00000-0  10000-3 0  5743
2 20533  53.8633 238.7534 0035541  62.6726 297.7678  1.91040626 70420
GPS BII-08              
1 20724U 90068A   99362.32834736 -.00000086  00000-0  00000-0 0  5927
2 20724  55.7284  56.9967 0159966 212.0521 147.0139  2.00561757 67303
GPS BII-09              
1 20830U 90088A   99362.34739733 -.00000076  00000-0  00000-0 0  5312
2 20830  56.3242   0.3841 0070474  86.7591 274.0679  2.00605769 67947
GPS BIIA-10             
1 20959U 90103A   99362.28096646 -.00000084  00000-0  00000-0 0  5560
2 20959  55.9009  59.3139 0146202 250.0617 108.4061  2.00558310 66535
GPS BIIA-11             
1 21552U 91047A   99363.05483174 -.00000074  00000-0  00000-0 0  5648
2 21552  56.5628 358.5483 0092052 261.1657  97.8060  2.00561833 62142
GPS BIIA-12             
1 21890U 92009A   99362.51405753  .00000070  00000-0  00000-0 0  4261
2 21890  53.5301 173.4736 0081426 192.1051 167.6858  2.00568449 57506
GPS BIIA-13             
1 21930U 92019A   00002.16261575 -.00000075  00000-0  10000-3 0  2542
2 21930  55.0787 296.6875 0009576   2.1901 357.8215  2.00553223 56523
GPS BIIA-14             
1 22014U 92039A   99362.26057549 -.00000001  00000-0  10000-3 0  3449
2 22014  55.1394 117.0195 0115605   1.0738 358.9312  2.00560442 48263
GPS BIIA-15             
1 22108U 92058A   99359.75355407  .00000053  00000-0  00000-0 0  3406
2 22108  54.4991 174.2332 1077133  46.0696 322.3338  2.00576673 53392
GPS BIIA-16             
1 22231U 92079A   99361.54479690  .00000003  00000-0  00000-0 0  3783
2 22231  54.9657 118.0471 0049782 259.3603 100.0592  2.00485163 52001
GPS BIIA-17             
1 22275U 92089A   99362.39656348 -.00000005  00000-0  00000-0 0  3203
2 22275  54.9485 115.4151 0074508 248.9409 110.2437  2.00566083 51434
GPS BIIA-18             
1 22446U 93007A   99362.62355183  .00000006  00000-0  00000-0 0  3629
2 22446  53.5438 233.8174 0126042  29.3405 331.4335  2.00551010 50421
GPS BIIA-19             
1 22581U 93017A   99362.76710952 -.00000067  00000-0  10000-3 0  9903
2 22581  54.5392 295.5871 0090829  44.5909 316.1513  2.00567667 49488
GPS BIIA-20             
1 22657U 93032A   99362.90276614 -.00000068  00000-0  10000-3 0  3266
2 22657  54.5617 295.5436 0109886 240.6037 118.3126  2.00557624 44810
GPS BIIA-21             
1 22700U 93042A   99362.86643255  .00000075  00000-0  00000-0 0   170
2 22700  54.0697 175.7926 0096925  31.6001 328.9829  2.00558497 47612
GPS BIIA-22             
1 22779U 93054A   99362.95474280  .00000007  00000-0  00000-0 0  1692
2 22779  53.7316 234.0964 0018408   1.9469 358.1322  2.00547224 46372
GPS BIIA-23             
1 22877U 93068A   99363.00714218 -.00000075  00000-0  00000-0 0    12
2 22877  55.9919 357.9619 0054362 320.4119  39.2087  2.00564423 45268
GPS BIIA-24             
1 23027U 94016A   99362.58348056 -.00000066  00000-0  00000-0 0   558
2 23027  54.4636 297.3507 0070622 223.3642 136.0953  2.00575331 42566
GPS BIIA-25             
1 23833U 96019A   99362.72112540 -.00000067  00000-0  10000-3 0  5034
2 23833  54.0346 294.9835 0010660  36.5166 323.5437  2.00563110 27546
GPS BIIA-26             
1 23953U 96041A   99351.18795880 -.00000056  00000-0  00000-0 0  5836
2 23953  55.7585  57.0956 0036361 348.7966  11.1986  2.00542907 25106
GPS BIIA-27             
1 24320U 96056A   99363.00435607  .00000005  00000-0  10000-3 0  4592
2 24320  54.1461 235.8206 0052323  85.0091 275.6613  2.00556072 24001
GPS BIIR-02             
1 24876U 97035A   99362.67026955 -.00000004  00000-0  00000-0 0  3539
2 24876  55.2125 116.6722 0022895 315.9968  43.8035  2.00568689 17860
GPS BIIA-28             
1 25030U 97067A   99362.80833378  .00000076  00000-0  10000-3 0  3001
2 25030  54.8725 178.3164 0083434 103.2576 257.6862  2.00806666 15768
GPS BIIR-03             
1 25933U 99055A   00002.85421741 -.00000086  00000-0  10000-3 0   567
2 25933  53.0226 355.1457 0032736 195.3715 164.5439  2.00558870  1787

