IRIDIUM 8               
1 24792U 97020A   01265.19453312 -.00000003  00000-0 -82696-5 0  6307
2 24792  86.4011 200.2504 0002397  62.8643 297.2794 14.34217203229470
IRIDIUM 7               
1 24793U 97020B   01265.88587701  .00000050  00000-0  10656-4 0  6298
2 24793  86.4031 199.9917 0002388  62.7979 297.3460 14.34217335229574
IRIDIUM 6               
1 24794U 97020C   01263.36786401 -.00000126  00000-0 -52118-4 0  5641
2 24794  86.4017 201.0649 0002203  82.7564 277.3879 14.34217061229213
IRIDIUM 5               
1 24795U 97020D   01265.87319056 -.00000039  00000-0 -21025-4 0  7084
2 24795  86.4036 200.0193 0002275  66.9043 293.2390 14.34216937229657
IRIDIUM 4               
1 24796U 97020E   01265.20087770 -.00000000  00000-0 -71831-5 0  6557
2 24796  86.4026 200.2321 0002543  58.3768 301.7677 14.34216783229493
IRIDIUM 914             
1 24836U 97030A   01263.93512701  .00001190  00000-0  40576-3 0  4915
2 24836  86.3922 231.4115 0001008 107.9667 252.1643 14.35699405223126
IRIDIUM 12              
1 24837U 97030B   01264.91253811  .00000007  00000-0 -45092-5 0  6457
2 24837  86.3963 231.8962 0002365  72.5814 287.5626 14.34217490223182
IRIDIUM 9               
1 24838U 97030C   01265.38133653  .00018136  00000-0  95246-3 0  6827
2 24838  86.4427 216.1963 0080758 211.3305 148.3105 15.12745222225786
IRIDIUM 10              
1 24839U 97030D   01264.96962523 -.00000023  00000-0 -15123-4 0  6271
2 24839  86.3960 231.8773 0002396  66.6568 293.4877 14.34216794223208
IRIDIUM 13              
1 24840U 97030E   01264.91888317  .00000022  00000-0  94855-6 0  6230
2 24840  86.3969 231.9145 0002492  67.1922 292.9535 14.34217297223181
IRIDIUM 16              
1 24841U 97030F   01265.90832437 -.00000138  00000-0 -56219-4 0  6424
2 24841  86.3977 231.5412 0002457  67.8276 292.3146 14.34216461223324
IRIDIUM 911             
1 24842U 97030G   01264.89593313  .00001667  00000-0  51391-3 0  5272
2 24842  86.4440 234.3406 0017861  51.9002 308.3804 14.40815234223948
IRIDIUM 15              
1 24869U 97034A   01265.53753763  .00000029  00000-0  34692-5 0  6239
2 24869  86.3923 263.2196 0002256  79.6482 280.4968 14.34217517220244
IRIDIUM 17              
1 24870U 97034B   01265.53119517 -.00000023  00000-0 -15161-4 0  6374
2 24870  86.3916 263.2504 0002229  71.8764 288.2674 14.34216979220249
IRIDIUM 920             
1 24871U 97034C   01265.04910140  .00001079  00000-0  36349-3 0  4921
2 24871  86.3935 262.7269 0013654 117.7142 242.5443 14.36143806220323
IRIDIUM 18              
1 24872U 97034D   01265.08087274 -.00000123  00000-0 -51158-4 0  6401
2 24872  86.3937 263.4502 0002346  73.3178 286.8254 14.34215842220178
IRIDIUM 921             
1 24873U 97034E   01265.47742563  .00006493  00000-0  74167-3 0  5704
2 24873  86.3939 213.9316 0008134 247.4421 112.5843 14.85896983227252
IRIDIUM 26              
1 24903U 97043A   01264.71833527  .00000034  00000-0  51255-5 0  6931
2 24903  86.4012 137.3619 0002294  64.4622 295.6809 14.34217392214060
IRIDIUM 25              
1 24904U 97043B   01264.75004678 -.00000138  00000-0 -56308-4 0  6427
2 24904  86.4014 137.3444 0002243  72.6476 287.4897 14.34216295214035
IRIDIUM 46              
1 24905U 97043C   01265.18134635 -.00000112  00000-0 -47005-4 0  6564
2 24905  86.4012 137.1952 0002293  63.4722 296.6708 14.34216062214106
IRIDIUM 23              
1 24906U 97043D   01265.57458728 -.00000173  00000-0 -68926-4 0  6641
2 24906  86.3996 136.9652 0002161  60.8200 299.3213 14.34215217214165
IRIDIUM 22              
1 24907U 97043E   01264.73101838 -.00000065  00000-0 -30428-4 0  6305
2 24907  86.3994 137.3545 0002342  73.9511 286.1864 14.34216735214040
DUMMY MASS 1            
1 24925U 97048A   01263.97458763  .00001067  00000-0  13050-3 0  4341
2 24925  86.3402 168.4418 0007354 146.6578 213.5109 14.82200070219136
DUMMY MASS 2            
1 24926U 97048B   01263.96889723  .00001057  00000-0  12984-3 0  4181
2 24926  86.3403 168.6571 0008109 150.0559 210.1130 14.81995153219103
IRIDIUM 29              
1 24944U 97051A   01265.29893717 -.00000060  00000-0 -28469-4 0  6049
2 24944  86.4051 168.6766 0002348  58.7849 301.3566 14.34215827210696
IRIDIUM 32              
1 24945U 97051B   01265.80634187 -.00000060  00000-0 -28595-4 0  6041
2 24945  86.4044 168.4658 0002461  62.2547 297.8898 14.34216552210781
IRIDIUM 33              
1 24946U 97051C   01265.25453686 -.00000040  00000-0 -21175-4 0  5734
2 24946  86.4050 168.6780 0002289  60.2918 299.8505 14.34216625210693
IRIDIUM 27              
1 24947U 97051D   01264.70071349  .00052830  00000-0  12100-2 0  9716
2 24947  86.6107 130.7962 0002599 127.6743 232.4591 15.42570566222282
IRIDIUM 28              
1 24948U 97051E   01264.80421214  .00000027  00000-0  24474-5 0  5456
2 24948  86.4075 168.8845 0002677  78.3888 281.7570 14.34217609210610
IRIDIUM 30              
1 24949U 97051F   01265.23551107 -.00000218  00000-0 -84929-4 0  6141
2 24949  86.4053 168.7028 0002397  74.6140 285.5323 14.34214738210683
IRIDIUM 31              
1 24950U 97051G   01265.24185116 -.00000049  00000-0 -24692-4 0  6252
2 24950  86.4053 168.6919 0002503  62.9625 297.1832 14.34216653210693
IRIDIUM 19              
1 24965U 97056A   01264.87106144 -.00000118  00000-0 -49238-4 0  6132
2 24965  86.4028 200.3435 0002402  61.1903 298.9519 14.34216200208782
IRIDIUM 35              
1 24966U 97056B   01265.37212819  .00000051  00000-0  11205-4 0  6470
2 24966  86.4024 200.1768 0002522  67.4266 292.7197 14.34216966208839
IRIDIUM 36              
1 24967U 97056C   01264.89009046  .00000000  00000-0 -69226-5 0  6127
2 24967  86.4022 200.3760 0002346  63.8740 296.2695 14.34216755208909
IRIDIUM 37              
1 24968U 97056D   01265.20721939  .00000023  00000-0  12624-5 0  6423
2 24968  86.4035 200.2587 0002449  64.9278 295.2167 14.34217058208812
IRIDIUM 34              
1 24969U 97056E   01265.22625083  .00000016  00000-0 -13106-5 0  6103
2 24969  86.4024 200.2231 0002477  59.2918 300.8525 14.34216063208812
IRIDIUM 43              
1 25039U 97069A   01265.07452867 -.00000017  00000-0 -13140-4 0  5981
2 25039  86.3947 263.4605 0002232  75.0035 285.1408 14.34217136202579
IRIDIUM 41              
1 25040U 97069B   01264.51004008  .00000044  00000-0  87960-5 0  5936
2 25040  86.3926 263.6732 0002417  71.3495 288.7971 14.34217250202497
IRIDIUM 40              
1 25041U 97069C   01265.51216868 -.00000019  00000-0 -13707-4 0  5916
2 25041  86.3935 263.2652 0002325  73.6700 286.4751 14.34216906202653
IRIDIUM 39              
1 25042U 97069D   01265.58827849  .00000017  00000-0 -10955-5 0  5955
2 25042  86.3921 263.2235 0002284  74.4495 285.6951 14.34217419202642
IRIDIUM 38              
1 25043U 97069E   01264.92230500 -.00000016  00000-0 -12836-4 0  6089
2 25043  86.3944 263.4647 0002327  64.4439 295.6995 14.34217421202598
IRIDIUM 42              
1 25077U 97077A   01264.52906582 -.00000024  00000-0 -15813-4 0  6167
2 25077  86.3919 263.6967 0002267  72.0175 288.1267 14.34217086198353
IRIDIUM 44              
1 25078U 97077B   01265.04666209  .00000790  00000-0  26937-3 0  3876
2 25078  86.3934 263.0220 0003760  40.9905 319.1571 14.35245842198424
IRIDIUM 45              
1 25104U 97082A   01265.66338397 -.00000178  00000-0 -70663-4 0  5717
2 25104  86.4004 136.9836 0002268  64.2908 295.8513 14.34215505196716
IRIDIUM 24              
1 25105U 97082B   01263.70580124  .00001140  00000-0  38525-3 0  4300
2 25105  86.3968 136.6196 0012699 133.0334 227.1927 14.36028558196515
IRIDIUM 47              
1 25106U 97082C   01265.18768773 -.00000003  00000-0 -81165-5 0  5583
2 25106  86.4017 137.1848 0002252  67.1523 292.9877 14.34217181196641
IRIDIUM 49              
1 25108U 97082E   01264.71199428  .00000003  00000-0 -60507-5 0  5708
2 25108  86.3994 137.3476 0002333  65.1076 295.0361 14.34217174196583
IRIDIUM 52              
1 25169U 98010A   01264.95059962 -.00000351  00000-0 -13248-3 0  5010
2 25169  86.3983 231.9110 0002239  83.5119 276.6417 14.34213939188023
IRIDIUM 56              
1 25170U 98010B   01263.96749410 -.00000021  00000-0 -14581-4 0  2097
2 25170  86.3961 232.3009 0002487  63.5769 296.5676 14.34217007187866
IRIDIUM 54              
1 25171U 98010C   01265.46434789 -.00000026  00000-0 -16272-4 0  5777
2 25171  86.3966 231.6891 0002336  68.0731 292.0713 14.34216548188240
IRIDIUM 50              
1 25172U 98010D   01265.00767989 -.00000096  00000-0 -41406-4 0  5548
2 25172  86.3968 231.8632 0002410  67.2411 292.8995 14.34216162188014
IRIDIUM 53              
1 25173U 98010E   01264.95693901 -.00000136  00000-0 -55769-4 0  5399
2 25173  86.3971 231.8882 0002477  71.4689 288.6774 14.34215824188015
IRIDIUM 51              
1 25262U 98018A   01265.33107736 -.00000534  00000-0 -16534-3 0  5629
2 25262  86.4557 200.1781 0002326  39.3844 320.7528 14.43142850183985
IRIDIUM 61              
1 25263U 98018B   01265.35309950  .00000122  00000-0  36379-4 0  5197
2 25263  86.4016 200.2032 0002359  73.3988 286.7466 14.34217659183161
IRIDIUM 55              
1 25272U 98019A   01265.84440303 -.00000217  00000-0 -84404-4 0  5391
2 25272  86.4039 168.4157 0002409  72.1466 288.0011 14.34214224182438
IRIDIUM 57              
1 25273U 98019B   01265.26087896 -.00000025  00000-0 -15984-4 0  5251
2 25273  86.4046 168.7192 0002309  68.6252 291.5191 14.34216941182358
IRIDIUM 58              
1 25274U 98019C   01264.22069460  .00000419  00000-0  14250-3 0  4870
2 25274  86.4051 169.1663 0002438  85.9854 274.1669 14.34219817182202
IRIDIUM 59              
1 25275U 98019D   01264.22703521  .00000022  00000-0  78884-6 0  4870
2 25275  86.4057 169.0909 0002183  63.3017 296.8404 14.34217080182207
IRIDIUM 60              
1 25276U 98019E   01265.21014005  .00000023  00000-0  12662-5 0  5652
2 25276  86.4049 168.7456 0002341  58.0078 302.1352 14.34217049182349
IRIDIUM 62              
1 25285U 98021A   01264.61342754 -.00000048  00000-0 -24186-4 0  5486
2 25285  86.3939 105.7836 0002129  57.6132 302.5263 14.34217009181215
IRIDIUM 63              
1 25286U 98021B   01265.59653182 -.00000148  00000-0 -59871-4 0  5429
2 25286  86.3944 105.3869 0002128  59.2063 300.9350 14.34216193181351
IRIDIUM 64              
1 25287U 98021C   01265.60287407 -.00000039  00000-0 -20835-4 0  5275
2 25287  86.3940 105.3753 0002223  65.1663 294.9759 14.34217105181335
IRIDIUM 65              
1 25288U 98021D   01265.60921734 -.00000070  00000-0 -31893-4 0  5297
2 25288  86.3930 105.3622 0002203  55.4289 304.7108 14.34216627181352
IRIDIUM 66              
1 25289U 98021E   01265.61555828 -.00000060  00000-0 -28483-4 0  5364
2 25289  86.3948 105.3255 0001476  41.7399 318.3904 14.34216707181359
IRIDIUM 67              
1 25290U 98021F   01265.06375256 -.00000435  00000-0 -16243-3 0  4703
2 25290  86.3923 105.5896 0002009  78.5693 281.5724 14.34214917181289
IRIDIUM 68              
1 25291U 98021G   01265.07009893  .00000009  00000-0 -38720-5 0  5260
2 25291  86.3949 105.6079 0002269  54.6820 305.4589 14.34216742181257
IRIDIUM 69              
1 25319U 98026A   01263.69996675  .00001092  00000-0  37698-3 0  4155
2 25319  86.4028 138.1460 0004311  40.7066 319.4454 14.35005927177365
IRIDIUM 71              
1 25320U 98026B   01263.78492153  .00000939  00000-0  31787-3 0  3734
2 25320  86.4008 137.2206 0003783  91.7692 268.3934 14.35789786177486
IRIDIUM 70              
1 25342U 98032A   01264.60708679 -.00000056  00000-0 -27022-4 0  5349
2 25342  86.3930 105.8034 0002171  63.1507 296.9904 14.34216749175295
IRIDIUM 72              
1 25343U 98032B   01265.64093061 -.00000207  00000-0 -81101-4 0  5219
2 25343  86.3961 105.3346 0002284  62.5887 297.5540 14.34215428175443
IRIDIUM 73              
1 25344U 98032C   01265.54251586  .00001159  00000-0  32915-3 0  4163
2 25344  86.4418 104.4045 0002359  77.4859 282.6609 14.44649840176368
IRIDIUM 74              
1 25345U 98032D   01265.56482006 -.00000226  00000-0 -87846-4 0  5328
2 25345  86.3947 105.3888 0002223  59.3177 300.8216 14.34215075175434
IRIDIUM 75              
1 25346U 98032E   01265.57750514 -.00000234  00000-0 -90652-4 0  5184
2 25346  86.3970 105.4033 0002087  66.1706 293.9701 14.34215302176004
IRIDIUM 3               
1 25431U 98048A   01265.70143872 -.00000002  00000-0 -78278-5 0  5009
2 25431  86.4003 136.9567 0002406  60.6692 299.4747 14.34216882161960
IRIDIUM 76              
1 25432U 98048B   01265.72046535  .00000027  00000-0  26727-5 0  4679
2 25432  86.3992 136.8707 0002338  67.0579 293.0862 14.34217549161959
IRIDIUM 82              
1 25467U 98051A   01265.89481121  .00000087  00000-0  15213-4 0  5846
2 25467  86.5133 262.9865 0002140  82.3327 277.8126 14.54938409161505
IRIDIUM 81              
1 25468U 98051B   01265.89272467 -.00000052  00000-0 -25518-4 0  4783
2 25468  86.3938 263.0712 0002159  67.3047 292.8383 14.34216459159211
IRIDIUM 80              
1 25469U 98051C   01265.52485477 -.00000060  00000-0 -28482-4 0  4761
2 25469  86.3930 263.1974 0002548  77.0909 283.0570 14.34216318159160
IRIDIUM 77              
1 25471U 98051E   01265.08672183 -.00000520  00000-0 -12618-3 0  5874
2 25471  86.5153 263.3362 0002420  79.4002 280.7469 14.54936502161355
IRIDIUM 2               
1 25527U 98066A   01263.93594543  .00006737  00000-0  78399-3 0  5352
2 25527  85.5573  82.4003 0012468 157.3592 202.8184 14.85099898155902
IRIDIUM 86              
1 25528U 98066B   01263.95758315  .00000078  00000-0  13259-4 0  5564
2 25528  86.5144 232.1705 0002624  65.0467 295.0999 14.54876084152776
IRIDIUM 84              
1 25530U 98066D   01265.87027387 -.00000005  00000-0 -88031-5 0  3378
2 25530  86.3992 231.5248 0002559  56.0630 304.0809 14.34216637153370
IRIDIUM 83              
1 25531U 98066E   01265.41360758 -.00000008  00000-0 -97631-5 0  4584
2 25531  86.3961 231.6918 0002526  70.0737 290.0732 14.34216684150660
IRIDIUM 11              
1 25577U 98074A   01265.68241227 -.00000163  00000-0 -65412-4 0  4607
2 25577  86.3999 136.9195 0002303  59.4656 300.6762 14.34215355144780
IRIDIUM 20              
1 25578U 98074B   01264.72567271  .00000032  00000-0  23258-5 0  5205
2 25578  86.5210 137.2516 0011467 113.6512 246.5902 14.54938063146725
IRIDIUM 14              
1 25777U 99032A   01265.54866753 -.00000352  00000-0 -86698-4 0  4391
2 25777  86.5116 105.3100 0002282  70.6609 289.4857 14.55090213121220
IRIDIUM 21              
1 25778U 99032B   01265.57242882 -.00000187  00000-0 -49502-4 0  4373
2 25778  86.5111 105.2652 0002377  60.7146 299.4304 14.54069724121217
