MIR                     
1 16609U 86017A   00003.33202815  .00065706  00000-0  27597-3 0  2171
2 16609  51.6546  33.5473 0004393 214.0525 146.0235 15.84888169792977
KVANT 1                 
1 17845U 87030A   00002.76450539  .00083655  00000-0  35084-3 0  9916
2 17845  51.6536  36.5087 0004351 206.8836 153.0139 15.84825904726999
KVANT 2                 
1 20335U 89093A   00002.76450539  .00083655  00000-0  35084-3 0  8172
2 20335  51.6536  36.5087 0004351 206.8836 153.0139 15.84825904576002
KRISTALL                
1 20635U 90048A   00002.76450539  .00083655  00000-0  35084-3 0  6085
2 20635  51.6536  36.5087 0004351 206.8836 153.0139 15.84825904546833
SPEKTR                  
1 23579U 95024A   99363.03425292  .00086419  00000-0  37473-3 0  5680
2 23579  51.6539  61.1649 0004846 190.2051 169.9235 15.84110663263566
PRIRODA                 
1 23848U 96023A   99363.03425292  .00086419  00000-0  37473-3 0  2495
2 23848  51.6539  61.1649 0004846 190.2051 169.9235 15.84110663210657
PROGRESS M-42           
1 25858U 99038A   99363.03425292  .00086419  00000-0  37473-3 0  1711
2 25858  51.6539  61.1649 0004846 190.2051 169.9235 15.84110663 26093

