COSMOS 1383             
1 13301U 82066A   01265.87122634  .00000116  00000-0  11843-3 0  9580
2 13301  82.9333 163.1918 0027240 340.7669  19.2452 13.68259916960410
COSMOS 1447             
1 13916U 83021A   01264.91019333  .00000118  00000-0  10824-3 0   636
2 13916  82.9449 208.7202 0037428 190.7811 169.2547 13.74574044927854
COSMOS 1574             
1 15055U 84062A   01263.96866399  .00000151  00000-0  14453-3 0  2769
2 15055  82.9535 268.4186 0028920  32.4017 327.8916 13.73855249864835
COSMOS 1791             
1 17066U 86086A   01264.86377415  .00000103  00000-0  91273-4 0  1646
2 17066  82.9451 116.8011 0039772 274.1178  85.5433 13.75248246746093
NADEZHDA 2              
1 20508U 90017A   01263.94018086  .00000162  00000-0  15569-3 0  5130
2 20508  82.9500 265.3395 0045956  56.7037 303.8511 13.73745386579718
COSMOS 2074             
1 20577U 90036A   01263.69555344  .00000111  00000-0  10172-3 0  5715
2 20577  82.9431 313.5975 0026008 190.8125 169.2475 13.74184098572749
COSMOS 2123             
1 21089U 91007A   01264.90156595  .00000136  00000-0  12816-3 0  3669
2 21089  82.9228 203.2404 0027839 282.0257  77.7772 13.74284563533093
NADEZHDA 3              
1 21152U 91019A   01263.79576964  .00000040  00000-0  26136-4 0  2074
2 21152  82.9261 162.2814 0042837  38.5047 321.9171 13.73765401527551
COSMOS 2142             
1 21230U 91029A   01265.80517231  .00000150  00000-0  14559-3 0  9117
2 21230  82.9524  55.7676 0038408 129.3503 231.1055 13.72695263522989
COSMOS 2154             
1 21666U 91059A   01263.74208403  .00000093  00000-0  84321-4 0  9685
2 21666  82.9088 336.3580 0025679 118.0624 242.3132 13.72921477505041
COSMOS 2173             
1 21796U 91081A   01265.24001864  .00000138  00000-0  12764-3 0  1912
2 21796  82.9557  14.9088 0050620   8.8906 351.3137 13.75008130492889
COSMOS 2180             
1 21875U 92008A   01265.56963449  .00000106  00000-0  98023-4 0  1683
2 21875  82.9210  72.8221 0036371 265.9343  93.7654 13.73322699480866
COSMOS 2181             
1 21902U 92012A   01263.68245698  .00000104  00000-0  97527-4 0  1797
2 21902  82.9421 129.9257 0028256 333.7535  26.2182 13.72030885477386
COSMOS 2184             
1 21937U 92020A   01263.69899967  .00000035  00000-0  20731-4 0  1818
2 21937  82.9321 315.9704 0035072  69.6040 290.8877 13.72746242472642
COSMOS 2218             
1 22207U 92073A   01265.32836948  .00000056  00000-0  44457-4 0  9732
2 22207  82.9233 342.6155 0031315 257.0609 102.7047 13.72492628445749
COSMOS 2230             
1 22307U 93001A   01263.72097932  .00000129  00000-0  12321-3 0  9767
2 22307  82.9386 125.4211 0026080 101.8982 258.5099 13.73012162427112
COSMOS 2233             
1 22487U 93008A   01264.86967988  .00000031  00000-0  16124-4 0  9911
2 22487  82.9437  40.7248 0038330 146.0312 214.3319 13.75319421428190
COSMOS 2239             
1 22590U 93020A   01263.84341554  .00000121  00000-0  11060-3 0   488
2 22590  82.9309   7.8579 0022832 308.8390  51.0727 13.74966411425123
COSMOS 2266             
1 22888U 93070A   01265.13771989  .00000015  00000-0  00000+0 0  7911
2 22888  82.9485 283.6897 0047795 184.6121 175.4602 13.74455709392941
COSMOS 2279             
1 23092U 94024A   01264.07094076  .00000034  00000-0  20256-4 0  7119
2 23092  82.9427  73.2337 0034791 303.6114  56.1723 13.75215110371749
NADEZHDA 4              
1 23179U 94041A   01263.95291194  .00000157  00000-0  14550-3 0  6765
2 23179  82.9415 252.0632 0036569 152.7489 207.5601 13.75912200361032
TSIKADA                 
1 23463U 95002A   01263.92518491  .00000118  00000-0  11238-3 0  6136
2 23463  82.9273 213.9193 0040045  26.8380 333.4830 13.72059908333422
COSMOS 2310             
1 23526U 95012A   01263.66343288  .00000015  00000-0  00000-0 0  6024
2 23526  82.9530 322.7778 0022312 159.5244 200.6818 13.71354225325416
COSMOS 2315             
1 23603U 95032A   01263.68585334  .00000107  00000-0  10000-3 0  5793
2 23603  82.9007 115.5349 0032433 103.4617 257.0155 13.72415627311274
COSMOS 2327             
1 23773U 96004A   01263.58815347  .00000091  00000-0  80863-4 0  5405
2 23773  82.9816 292.5530 0046516 262.6059  96.9809 13.73958501284755
COSMOS 2334             
1 24304U 96052A   01263.58881237  .00000245  00000-0  24809-3 0  5903
2 24304  82.9298 284.3067 0028944 194.7718 165.2592 13.73097348252573
COSMOS 2336             
1 24677U 96071A   01264.98498505  .00000015  00000-0  00000+0 0  4237
2 24677  82.9429  19.9941 0024360 125.4632 234.8800 13.71232233237984
COSMOS 2341             
1 24772U 97017A   01263.67101747  .00000087  00000-0  79426-4 0  4173
2 24772  82.9228 316.3064 0027141 100.2535 260.1683 13.71205376221599
COSMOS 2346             
1 24953U 97052A   01263.95282738  .00000124  00000-0  10479-3 0  4369
2 24953  82.9175 270.9568 0040244 148.8447 211.5112 13.79254212200993
NADEZHDA 5              
1 25567U 98072A   01263.98009052  .00000141  00000-0  13954-3 0  3159
2 25567  82.9442 259.4177 0025761 339.6482  20.3643 13.71419071139170
COSMOS 2361             
1 25590U 98076A   01263.91541977  .00000129  00000-0  12451-3 0  2953
2 25590  82.9302  42.6923 0033117  16.6583 343.5650 13.72455669137305
COSMOS 2366             
1 25892U 99045A   01263.75828808  .00000250  00000-0  24953-3 0  5068
2 25892  82.9272 342.9819 0032689 332.2794  27.6614 13.74024862103841
