1967-048A               
1 02807U 67048A   01263.70720838  .00000074  00000-0  10000-3 0   445
2 02807  89.5795 320.5030 0022160 113.5053 246.8428 13.49222813689398
1967-092A               
1 02965U 67092A   01263.75688085  .00000077  00000-0  10000-3 0  4291
2 02965  89.2519 334.1895 0048263 344.9403  15.0309 13.51910080675139
1968-012A               
1 03133U 68012A   01263.59129088  .00000048  00000-0  59766-4 0  9721
2 03133  90.0047 286.3179 0074575 216.3395 143.2720 13.49948006651099
NNSS 19                 
1 04507U 70067A   01263.71937243  .00000207  00000-0  28701-3 0  1952
2 04507  89.9816 333.3579 0173823 335.8106  23.4952 13.49531084528347
NNSS O-20               
1 06909U 73081A   01263.92794670  .00000420  00000-0  43770-3 0  6143
2 06909  89.7916  47.1826 0158166 276.5065  81.8111 13.68844884592237
TRANSAT                 
1 10457U 77106A   01263.74793643  .00000072  00000-0  10000-3 0  6982
2 10457  89.7206 339.7057 0026526 125.9590 234.4028 13.47917779175143
NOVA I                  
1 12458U 81044A   01263.61853257  .00000050  00000-0  10000-3 0  4822
2 12458  90.1548  74.7158 0015371  17.2258 342.9368 13.22417586982219
NOVA 3                  
1 15362U 84110A   01263.95162393  .00000050  00000-0  10000-3 0  8876
2 15362  89.8761  70.2943 0030213 224.2964 135.5760 13.22201868817580
OSCAR 30                
1 15935U 85066A   01263.82228105  .00000083  00000-0  13538-3 0  1860
2 15935  89.9863  19.4550 0168986 187.9680 171.8783 13.34852047783560
OSCAR 24                
1 15936U 85066B   01263.88147405  .00000245  00000-0  43251-3 0  2811
2 15936  89.9822  18.3158 0169379 189.4759 170.3177 13.34766457785729
POLAR BEAR              
1 17070U 86088A   01263.97415762  .00000228  00000-0  22950-3 0  9722
2 17070  89.5904 227.4819 0040742 135.8003 224.6427 13.73857157744494
OSCAR 27                
1 18361U 87080A   01263.91779792  .00000047  00000-0  66429-4 0  7210
2 18361  90.2851 156.1167 0108455 343.5278  16.2359 13.43646779687016
OSCAR 29                
1 18362U 87080B   01263.73206386  .00000041  00000-0  56662-4 0    96
2 18362  90.2872 156.1472 0109783 349.7301  10.1627 13.43323180686860
OSCAR 23                
1 19070U 88033A   01263.95930912  .00000022  00000-0  33522-4 0  7248
2 19070  90.3517 105.1824 0189234 290.7787  67.3169 13.26779552649011
OSCAR 32                
1 19071U 88033B   01263.58761054  .00000055  00000-0  10000-3 0  6461
2 19071  90.3522 105.3025 0187271 286.8227  71.2455 13.27002629649069
NOVA 11                 
1 19223U 88052A   01263.89521852  .00000037  00000-0  69746-4 0  9842
2 19223  90.0325  78.8071 0028866 268.1497  91.6340 13.22151812640139
OSCAR 25                
1 19419U 88074A   01263.92964124  .00000066  00000-0  10000-3 0  9918
2 19419  89.8003  71.3482 0095176 267.1787  91.8464 13.41385158639868
OSCAR 31                
1 19420U 88074B   01263.89452625  .00000066  00000-0  10000-3 0  6809
2 19420  89.8022  71.2798 0093016 262.8341  96.2237 13.41503308639933
