ORBCOMM-X               
1 21576U 91050C   01263.96470763  .00001036  00000-0  35568-3 0  2599
2 21576  98.1359 269.4514 0002951 272.8955  87.1897 14.38037034533930
ORBCOMM FM 1            
1 23545U 95017A   01264.78792059  .00004592  00000-0  11430-2 0  9004
2 23545  69.9655  13.8478 0013004 337.8821  22.1736 14.52250148341856
ORBCOMM FM 2            
1 23546U 95017B   01264.78999522  .00005267  00000-0  13051-2 0  9594
2 23546  69.9676  14.8261 0013006 327.1788  32.8534 14.52376628341864
ORBCOMM FM 8            
1 25112U 97084A   01265.21883610  .00002540  00000-0  10938-2 0   166
2 25112  45.0184 322.9347 0006464 115.6687 244.4820 14.26862831194996
ORBCOMM FM 10           
1 25113U 97084B   01264.20312154  .00003084  00000-0  13160-2 0  8527
2 25113  45.0227 328.1276 0002086 118.6179 241.4872 14.26881256194849
ORBCOMM FM 11           
1 25114U 97084C   01265.59539306  .00002666  00000-0  11451-2 0  6873
2 25114  45.0242 321.5515 0002534 108.7848 251.3269 14.26880181195040
ORBCOMM FM 12           
1 25115U 97084D   01264.59708565  .00002337  00000-0  10114-2 0  6766
2 25115  45.0259 325.9811 0003844 138.6638 221.4498 14.26860462194906
ORBCOMM FM 9            
1 25116U 97084E   01265.58672822  .00002035  00000-0  88772-3 0  8485
2 25116  45.0228 321.5495 0001316 129.1514 230.9447 14.26868794195044
ORBCOMM FM 5            
1 25117U 97084F   01263.66093011  .00002549  00000-0  10978-2 0  8718
2 25117  45.0238 330.8775 0003590 190.4344 169.6388 14.26865359194762
ORBCOMM FM 6            
1 25118U 97084G   01265.54229250  .00002864  00000-0  12263-2 0  6777
2 25118  45.0259 322.0326 0004712 201.3983 158.6661 14.26869369195037
ORBCOMM FM 7            
1 25119U 97084H   01265.21032229  .00002661  00000-0  11430-2 0  9166
2 25119  45.0193 323.7804 0004808 193.0074 167.0645 14.26887807194984
ORBCOMM FM 3            
1 25158U 98007B   01265.25211280  .00001588  00000-0  78049-3 0  6855
2 25158 108.0105 156.9266 0052211  99.8354 260.8677 14.20921315187259
ORBCOMM FM 4            
1 25159U 98007C   01264.79137762  .00001875  00000-0  91302-3 0  6841
2 25159 108.0040 156.1194 0048255 100.8453 259.8133 14.20926478187223
ORBCOMM FM 17           
1 25413U 98046A   01264.85376135  .00000993  00000-0  48879-3 0  8206
2 25413  45.0007  93.0559 0002284  89.5205 270.5904 14.23921374163237
ORBCOMM FM 18           
1 25414U 98046B   01263.67100976  .00000570  00000-0  30510-3 0  7825
2 25414  44.9967  98.5988 0006825  66.9783 292.9666 14.24050644163060
ORBCOMM FM 19           
1 25415U 98046C   01265.85700935 -.00006453  00000-0 -27328-2 0  8055
2 25415  44.9973  88.6130 0005408  75.4485 284.6948 14.23950765163374
ORBCOMM FM 20           
1 25416U 98046D   01263.69103303 -.00000708  00000-0 -24624-3 0  7460
2 25416  44.9967  98.7890 0001739  72.6773 287.1635 14.24059382163024
ORBCOMM FM 16           
1 25417U 98046E   01263.70133861 -.00000763  00000-0 -27023-3 0  8801
2 25417  45.0052  99.0213 0002473 118.6444 240.8639 14.24040186163063
ORBCOMM FM 15           
1 25418U 98046F   01265.88627622 -.00017434  00000-0 -75108-2 0  9312
2 25418  44.9973  89.0504 0005418 176.8278 183.3374 14.23851662163378
ORBCOMM FM 14           
1 25419U 98046G   01264.84367204  .00000601  00000-0  31928-3 0  8874
2 25419  45.0037  93.9409 0002425 119.3373 240.7712 14.23915864163226
ORBCOMM FM 13           
1 25420U 98046H   01265.83091928 -.00012394  00000-0 -53155-2 0  7332
2 25420  45.0059  89.4817 0004127 112.3366 247.7924 14.23882808163392
ORBCOMM FM 21           
1 25475U 98053A   01265.22147046  .00002880  00000-0  12928-2 0  8652
2 25475  45.0131 205.9674 0005852  16.8391 343.2646 14.24405514156044
ORBCOMM FM 22           
1 25476U 98053B   01263.99388609 -.00000166  00000-0 -12047-4 0  8029
2 25476  45.0117 212.0277 0000613  66.7305 293.4715 14.24369457155852
ORBCOMM FM 23           
1 25477U 98053C   01265.87584437  .00000919  00000-0  45302-3 0  8388
2 25477  45.0132 203.1263 0002678  46.7873 313.3200 14.24387519156296
ORBCOMM FM 24           
1 25478U 98053D   01264.32126335  .00002898  00000-0  13006-2 0  7693
2 25478  45.0108 210.3116 0002323  27.7370 332.3597 14.24398905156050
ORBCOMM FM 25           
1 25479U 98053E   01265.89928895  .00000900  00000-0  44465-3 0  7403
2 25479  45.0136 202.5721 0004807  74.9821 285.1569 14.24383158156273
ORBCOMM FM 26           
1 25480U 98053F   01265.25669584  .00001964  00000-0  88518-3 0  8197
2 25480  45.0121 206.8606 0006098  84.3210 275.8328 14.25305522156144
ORBCOMM FM 27           
1 25481U 98053G   01264.01715104  .00002784  00000-0  12521-2 0  7955
2 25481  45.0104 211.3329 0003345   4.0319 356.0514 14.24394328156005
ORBCOMM FM 28           
1 25482U 98053H   01265.25909675  .00001957  00000-0  87247-3 0  6375
2 25482  45.0127 205.4825 0004739  62.4519 297.6824 14.25872497156164
ORBCOMM FM 30           
1 25980U 99065A   01265.41236631  .00002042  00000-0  93720-3 0  4226
2 25980  45.0372   1.4375 0006741 270.2825  89.7218 14.24206199 93578
ORBCOMM FM 31           
1 25981U 99065B   01265.47079411  .00002023  00000-0  92892-3 0  4570
2 25981  45.0288   0.7037 0006541 277.1365  82.8705 14.24206815 93575
ORBCOMM FM 32           
1 25982U 99065C   01265.66955579  .00002395  00000-0  10894-2 0  4348
2 25982  45.0295 359.6695 0005644 279.0525  80.9679 14.24199110 93604
ORBCOMM FM 33           
1 25983U 99065D   01265.73381330  .00002549  00000-0  11557-2 0  4264
2 25983  45.0311 359.5597 0005984 269.2954  90.7221 14.24195857 93615
ORBCOMM FM 36           
1 25984U 99065E   01265.44721282  .00002717  00000-0  12275-2 0  3935
2 25984  45.0413   1.1222 0007162 208.0460 151.9986 14.24201110 93570
ORBCOMM FM 35           
1 25985U 99065F   01265.43556611  .00002546  00000-0  11540-2 0  4134
2 25985  45.0450   1.2177 0005407 261.9062  98.1167 14.24215202 93578
ORBCOMM FM 34           
1 25986U 99065G   01265.49434730  .00002038  00000-0  93566-3 0  4267
2 25986  45.0474   0.7719 0007167 257.2409 102.7612 14.24213914 93585
