SEASAT 1                
1 10967U 78064A   00002.87002176  .00000500  00000-0  20573-3 0  8175
2 10967 108.0136 335.7636 0002742 284.0079  76.0758 14.38897948127602
LANDSAT 4               
1 13367U 82072A   00002.86932758  .00000557  00000-0  13415-3 0  4369
2 13367  98.3433  58.8716 0004275 309.8017  50.2806 14.57031872929079
LANDSAT 5               
1 14780U 84021A   00001.14532818  .00000680  00000-0  16090-3 0  9913
2 14780  98.1606  66.8855 0001580 224.9698 135.1372 14.57118079842249
COSMOS 1602             
1 15331U 84105A   99363.04879648  .00003119  00000-0  34190-3 0  8215
2 15331  82.5331 343.3072 0019778   7.5722 352.5766 14.87321740824458
SPOT 1                  
1 16613U 86019A   99363.15676726  .00000169  00000-0  10000-3 0  4402
2 16613  98.7036  74.5255 0002175 148.2405 211.8927 14.20042095403384
COSMOS 1766             
1 16881U 86055A   00001.14117804  .00001846  00000-0  20695-3 0  7346
2 16881  82.5205  37.7202 0019798  32.6152 327.6276 14.86175076725644
MOS 1A (MOMO 1)         
1 17527U 87018A   00002.18350033 -.00000027  00000-0  10000-4 0  9547
2 17527  98.7563  44.2406 0018176 334.4962  25.5309 14.00687464656119
IRS-1A                  
1 18960U 88021A   99362.93229643 -.00000042  00000-0  00000-0 0  5072
2 18960  98.8273 327.7999 0014888   0.4433 359.6741 13.95796854504092
OKEAN 1                 
1 19274U 88056A   00001.89357084  .00002165  00000-0  25204-3 0  4484
2 19274  82.5136 139.4990 0017889 178.8399 181.2863 14.84759810621121
SPOT 2                  
1 20436U 90005A   00001.86999339  .00000169  00000-0  10000-3 0  6768
2 20436  98.6991  78.3645 0000703 128.7555 231.3718 14.20043486515441
MOS 1B (MOMO 1B)        
1 20478U 90013A   99363.13819838 -.00000043  00000-0  00000-0 0  3177
2 20478  98.9775  62.4693 0004838 327.7875  32.3032 13.94114253424275
OKEAN 2                 
1 20510U 90018A   00001.89151169  .00001707  00000-0  21850-3 0  8596
2 20510  82.5234 102.7951 0019640  43.6464 316.6298 14.80685313530918
OKEAN 3                 
1 21397U 91039A   00002.12078284  .00001031  00000-0  13835-3 0  5217
2 21397  82.5255  21.1505 0022893 127.9527 232.3760 14.78243444462356
ERS-1                   
1 21574U 91050A   00001.86120326  .00000460  00000-0  18676-3 0  9758
2 21574  98.5504  78.2809 0001048 104.8205 255.3091 14.32250018442628
IRS-1B                  
1 21688U 91061A   99363.21848881 -.00000044  00000-0  00000-0 0  5201
2 21688  99.0717  74.2918 0017692 301.5789  58.3670 13.96222985318917
JERS-1                  
1 21867U 92007A   00001.78395579  .00009763  00000-0  63945-3 0  9261
2 21867  97.6874  87.1320 0004185  49.4517 310.7074 15.07928506431795
TOPEX                   
1 22076U 92052A   00001.23583942 -.00000038  00000-0  10000-3 0  2788
2 22076  66.0450  46.9253 0008179 270.0860  89.9219 12.80930649345739
SPOT 3                  
1 22823U 93061A   99363.21623739 -.00000043  00000-0  00000-0 0   606
2 22823  98.6070  62.9124 0015446 290.5356  69.4172 14.17300332323981
OKEAN 1-7               
1 23317U 94066A   00009.43601380  .00001560  00000-0  22538-3 0  1431
2 23317  82.5415 301.2171 0025099 164.6895 194.5445 14.75420542282279
IRS-P2                  
1 23323U 94068A   99363.17504520 -.00000043  00000-0  00000-0 0  6326
2 23323  98.6137  71.6184 0000764  87.7668 272.3631 14.21903511270094
RESURS O1-3             
1 23342U 94074A   99363.22348071  .00000821  00000-0  14135-3 0  3706
2 23342  97.7960  32.4934 0001552  86.3615 273.7768 14.71028478276356
ERS-2                   
1 23560U 95021A   00001.88327309  .00000518  00000-0  20838-3 0  8148
2 23560  98.5520  78.3432 0001067  87.4185 272.7153 14.32249240245752
SICH-1                  
1 23657U 95046A   00009.48148641  .00001924  00000-0  28215-3 0  1441
2 23657  82.5323  82.0885 0027923 140.5890 218.5079 14.74843100234507
RADARSAT                
1 23710U 95059A   99363.04226045  .00000420  00000-0  17973-3 0  6728
2 23710  98.5756   7.2502 0000965  61.7762 298.3508 14.29983926216580
IRS-1C                  
1 23751U 95072A   99363.20786431  .00000176  00000-0  10000-3 0  6290
2 23751  98.7021  74.2400 0000771  57.1560 302.9685 14.21629032207724
IRS-P3                  
1 23827U 96017A   99363.18694726 -.00000043  00000-0  00000-0 0  5677
2 23827  98.6299  76.1993 0000972  39.9819 320.1439 14.21635355195775
TOMS-EP                 
1 23940U 96037A   99363.26071265  .00001582  00000-0  45919-3 0  4040
2 23940  98.3428 266.6072 0031977 171.1715 189.0036 14.45395082188121
ADEOS                   
1 24277U 96046A   99363.22097162  .00000359  00000-0  16386-3 0  7505
2 24277  98.4983  70.2546 0002269  47.8952 312.2416 14.27328671175309
ORBVIEW 2 (SEASTAR)     
1 24883U 97037A   00002.23093420  .00000599  00000-0  14571-3 0  2645
2 24883  98.2212 101.3985 0002306 113.6469 246.4963 14.56193963128786
IRS-1D                  
1 24971U 97057A   99363.23752571  .00000335  00000-0  13598-3 0  4235
2 24971  98.5484  78.9821 0061294 109.5101 251.2718 14.32807878117639
TRMM                    
1 25063U 97074A   00002.85789273  .00069825  00000-0  47639-3 0  2067
2 25063  34.9886 245.9702 0001285 223.2306 136.8324 15.73624950120775
SPOT 4                  
1 25260U 98017A   99363.18672205 -.00000044  00000-0  00000-0 0  3433
2 25260  98.7435  74.6340 0000891  97.5882 262.5398 14.20003304 91567
TUBSAT N                
1 25389U 98042A   99363.19627405  .00016343  00000-0  63615-3 0  2897
2 25389  78.9022 291.0023 0228556 294.1036  63.6417 15.04969072 80847
TUBSAT N1               
1 25390U 98042B   99363.19435512  .00047266  00000-0  13624-2 0  4057
2 25390  78.8984 284.1027 0182323 282.0795  76.0027 15.20581289 81159
SSN-23 DEB              
1 25392U 98042D   99362.83774487  .00032251  00000-0  10904-2 0  4232
2 25392  78.8809 288.0882 0203991 288.7455  69.1038 15.12827528 80941
SSN-23 DEB              
1 25393U 98042E   99363.11737955  .00111490  00000-0  19494-2 0  5499
2 25393  78.8940 277.1711 0119804 265.1080  93.4204 15.42535422 81465
RESURS O1-N4            
1 25394U 98043A   99363.36916052  .00000179  00000-0  10000-3 0  5389
2 25394  98.7407  75.5815 0001482 147.4829 212.6450 14.22608830 76356
FASAT-B                 
1 25395U 98043B   99363.18840224 -.00000044  00000-0  00000-0 0  2427
2 25395  98.7382  75.4346 0001994 184.6803 175.4384 14.22714897 76353
TMSAT                   
1 25396U 98043C   00003.18946521 -.00000044  00000-0  00000+0 0  2427
2 25396  98.7343  80.2509 0003311 176.4553 183.6667 14.22508377 77059
TECHSAT 1B              
1 25397U 98043D   99363.17079880 -.00000044  00000-0  00000-0 0  2532
2 25397  98.7414  75.1397 0000253 297.2416  62.8737 14.22318289 76358
ROCSAT-1                
1 25616U 99002A   99363.53135939  .00003055  00000-0  39753-3 0  1252
2 25616  34.9839 103.9322 0031424  93.9127 266.5157 14.79924825 49942
SUNSAT                  
1 25636U 99008C   00001.55654070  .00000467  00000-0  13456-3 0  1408
2 25636  96.4728 246.4329 0153670 350.0609   9.7550 14.41070957 44940
LANDSAT 7               
1 25682U 99020A   00003.38940602 -.00000423  00000-0 -83884-4 0  1772
2 25682  98.2071  73.6041 0001120  81.8203 278.3124 14.57100789 38267
UOSAT-12                
1 25693U 99021A   00002.71140638  .00000471  00000-0  92542-4 0  1404
2 25693  64.5627 257.2676 0030811 321.5910  38.2940 14.73535661 37777
KITSAT-3                
1 25756U 99029A   00001.46399986  .00000522  00000-0  14760-3 0  1193
2 25756  98.3861 102.2894 0014479 277.3532  82.6017 14.49521183 31895
TUBSAT                  
1 25757U 99029B   00001.46059724  .00000239  00000-0  74117-4 0  1151
2 25757  98.3834 102.2332 0014257 278.6426  81.3152 14.49450792 31896
OCEANSAT                
1 25758U 99029C   00001.24348191  .00000952  00000-0  25252-3 0  1413
2 25758  98.2935 100.1705 0001710  18.6661 341.4736 14.50856896 31886
QUIKSCAT                
1 25789U 99034A   99363.04028483  .00000207  00000-0  10527-3 0  1039
2 25789  98.6262 185.9406 0000333  35.1763 324.9436 14.25854090 27416
OKEAN-O                 
1 25860U 99039A   99363.32416750  .00006914  00000-0  11666-2 0  2567
2 25860  98.0278  57.7642 0003651 100.2924 259.8753 14.69756525 24253
IKONOS-2                
1 25919U 99051A   99363.54784950 -.00000019  00000-0  54876-5 0   876
2 25919  98.1815  68.3299 0001382 108.5098 251.6277 14.64408974 14015
CBERS-1                 
1 25940U 99057A   99363.20168281  .00000430  00000-0  16517-3 0  3587
2 25940  98.5497  73.0300 0001291  87.0570 273.0762 14.35400035 10943
TERRA                   
1 25994U 99068A   00001.95057552  .00000741  00000-0  13962-3 0   234
2 25994  98.2430  81.1649 0022291 135.6080 224.6912 14.67372260  2078

