SARSAT 3 (NOAA 10)      
1 16969U 86073A   01265.81119514  .00000691  00000-0  30547-3 0   426
2 16969  98.6848 252.3374 0013132 139.9058 220.3093 14.26378294780647
SARSAT 4 (NOAA 11)      
1 19531U 88089A   01265.76581483  .00000421  00000-0  24529-3 0  8764
2 19531  98.9532 337.6465 0011204 217.3466 142.6928 14.13999671670171
COSPAS 4 (NADEZHDA 1)   
1 20103U 89050A   01263.68438166  .00000111  00000-0  10078-3 0  5192
2 20103  82.9595 131.4607 0038867  99.6853 260.8698 13.74077989612531
COSPAS 6 (NADEZHDA 3)   
1 21152U 91019A   01263.79576964  .00000040  00000-0  26136-4 0  2074
2 21152  82.9261 162.2814 0042837  38.5047 321.9171 13.73765401527551
GOES 8                  
1 23051U 94022A   01264.43676315 -.00000271  00000-0  00000+0 0  8568
2 23051   0.2454 101.8570 0002790  95.3562 245.8376  1.00272912 34644
SARSAT 6 (NOAA 14)      
1 23455U 94089A   01265.77943090  .00000438  00000-0  26135-3 0  9054
2 23455  99.1837 260.7231 0008502 230.3640 129.6781 14.12764408346916
GOES 9                  
1 23581U 95025A   01265.30816492 -.00000117  00000-0  00000+0 0  7578
2 23581   1.0145  94.2711 0003877 234.3094  39.9227  1.00270588 23217
GOES 10                 
1 24786U 97019A   01264.69021780  .00000070  00000-0  00000+0 0  8679
2 24786   0.2107 277.6041 0004241 238.6947 317.3845  1.00268713 16170
SARSAT 7 (NOAA 15)      
1 25338U 98030A   01265.75829408  .00000482  00000-0  22993-3 0  3679
2 25338  98.5959 290.8447 0011194  17.7424 342.4140 14.23655703174672
COSPAS 8 (NADEZHDA 5)   
1 25567U 98072A   01263.98009052  .00000141  00000-0  13954-3 0  3159
2 25567  82.9442 259.4177 0025761 339.6482  20.3643 13.71419071139170
NADEZHDA 6              
1 26384U 00033A   01263.88210921  .00002256  00000-0  47217-3 0  3018
2 26384  98.1793 216.3476 0018308  42.7599 317.5019 14.60635724 65574
NOAA 16                 
1 26536U 00055A   01264.86040242  .00000236  00000-0  15507-3 0  5034
2 26536  98.8330 208.9959 0010029 325.6148  34.2222 14.11242246 51534
