ISS (ZARYA)             
1 25544U 98067A   01266.19548172  .00048088  00000-0  59299-3 0  5038
2 25544  51.6397 315.5889 0007977 123.4944 339.7871 15.59662442162370
SOYUZ-TM 32             
1 26749U 01017A   01262.90903699  .00080098  00000-0  98962-3 0  1481
2 26749  51.6375 332.1079 0007341 109.5233 250.6439 15.59400723 22582
PROGRESS-M 45           
1 26890U 01036A   01262.90903699  .00080098  00000-0  98962-3 0   376
2 26890  51.6375 332.1079 0007341 109.5233 250.6439 15.59400723  4613
PROGRESS-DC 1           
1 26908U 01041A   01265.79267464  .00059896  00000-0  73705-3 0   195
2 26908  51.6358 317.6167 0007018 117.1031 243.0187 15.59631833  1231
