COSMOS 2379             
1 26892U 01037A   01265.14953125 -.00000159  00000-0  00000+0 0   325
2 26892   2.2733 290.9779 0005043  88.5693 115.4992  1.00272390   285
SL-12 R/B(2)            
1 26895U 01037D   01264.57762064 -.00000152  00000-0  00000+0 0   114
2 26895   2.3098 290.3196 0019275   1.1870 358.4166  1.00182075   282
SL-12 DEB               
1 26896U 01037E   01265.11109074  .00002993  00000-0  15744-2 0   187
2 26896  47.9023 283.3492 7277535   7.1412 359.3096  2.27022287   636
SL-12 DEB               
1 26897U 01037F   01265.16175805  .00001056  00000-0  11213-2 0   128
2 26897  47.9252 283.4226 7262559   6.8842 359.3620  2.26562954   632
LRE                     
1 26898U 01038A   01263.66484255  .00001012  00000-0  45473-3 0   123
2 26898  28.5152 110.7001 7296809 192.2296 128.7008  2.25295440   504
H-2A R/B                
1 26899U 01038B   01265.49654605  .00001279  00000-0  98630-3 0   178
2 26899  28.2184 110.8502 7290406 192.7375 126.8631  2.24764938   585
INTELSAT 902            
1 26900U 01039A   01265.73756831  .00000050  00000-0  00000+0 0   304
2 26900   0.0327 122.2024 0051244  44.9096 156.8453  1.00294028   268
ARIANE 44L R/B          
1 26901U 01039B   01263.94487281  .00002669  00000-0  15141-2 0   141
2 26901   7.0567 249.8652 7344805 194.6484 118.5763  2.18649566   477
PROGRESS-DC 1           
1 26908U 01041A   01265.79267464  .00059896  00000-0  73705-3 0   195
2 26908  51.6358 317.6167 0007018 117.1031 243.0187 15.59631833  1231
