COMSTAR 2               
1 09047U 76073A   00002.50219162 -.00000324  00000-0  10000-3 0  5452
2 09047  11.8450  31.0988 0006070 229.8382 130.1041  0.99973819 86916
INTELSAT 5 F-2          
1 12089U 80098A   99362.63556112  .00000000  00000-0  10000-3 0  1911
2 12089   8.3934  45.6847 0012995  91.6964 268.4188  0.98878910 38125
COMSTAR 4               
1 12309U 81018A   00003.22625822 -.00000260  00000-0  10000-3 0  9246
2 12309  10.5797  36.0384 0001261 247.9043 183.7115  1.00269612 70560
SBS 2                   
1 12855U 81096A   00001.72433685  .00000133  00000-0  10000-3 0  1368
2 12855   8.9394  43.1927 0007253 255.9270 103.9574  1.00122286 21799
RCA/SATCOM 3R (F3R)     
1 12967U 81114A   99361.17652397  .00000000  00000-0  10000-3 0  7631
2 12967   6.7162  54.6960 0004693 177.4931 182.4294  1.00091157 31371
INTELSAT 5 F-3          
1 12994U 81119A   00002.10312117 -.00000074  00000-0  10000-3 0  9427
2 12994   8.0959  47.0858 0017634 334.4119  25.4742  0.99467352 30637
RCA/SATCOM 4 (F4)       
1 13035U 82004A   00002.24169158  .00000096  00000-0  10000-3 0  5630
2 13035   6.1342  58.1321 0002481 208.0383 151.8326  0.99586416 28979
WESTAR 4                
1 13069U 82014A   99364.05241426 -.00000267  00000-0  10000-3 0  8606
2 13069   6.1821  57.6074 0003542 157.9733 201.9459  0.99770997 29353
INTELSAT 5 F-4          
1 13083U 82017A   99359.46369731 -.00000319  00000-0  10000-3 0  8758
2 13083   8.0958  47.1872 0030728 291.4689  68.0852  0.99232481 45832
WESTAR 5                
1 13269U 82058A   99360.72987481  .00000079  00000-0  10000-3 0  1674
2 13269   5.8957  59.6543 0010832  22.7275 337.2016  0.99212362 23605
ANIK D1 (TELESAT-6)     
1 13431U 82082A   99355.69426766 -.00000062  00000-0  10000-3 0  5651
2 13431   6.4883  55.6092 0006967 139.8822 220.0200  1.00091086 42693
RCA/SATCOM 5            
1 13631U 82105A   00003.17836308 -.00000096  00000-0  10000-3 0  3892
2 13631   6.5831  54.8426 0008860 193.2767 173.1829  1.00271247 29494
SBS 3                   
1 13651U 82110B   99363.70145012  .00000038  00000-0  10000-3 0  7991
2 13651   6.2470  57.0938 0014934 193.2340 166.6223  0.99924849 35347
ANIK C3 (TELESAT-5)     
1 13652U 82110C   99358.58130234 -.00000342  00000-0  10000-3 0  3717
2 13652   6.2664  57.1510 0006389 201.7746 157.8240  0.99905496 71832
RCA/SATCOM 6 (F1R)      
1 13984U 83030A   00001.76846818  .00000137  00000-0  10000-3 0  8330
2 13984   5.3294  63.0073 0016263 251.3226 108.3035  0.99852471 33986
INTELSAT 5 F-6          
1 14077U 83047A   99361.92711009  .00000000  00000-0  10000-3 0  3671
2 14077   6.7669  54.1114 0003535 206.6478 153.2597  0.99164925 28210
GALAXY 1                
1 14158U 83065A   00001.31771070  .00000125  00000-0  10000-3 0  1879
2 14158   4.4653  68.5017 0005401 179.7115 180.0873  1.00122422 33985
TELSTAR 3A (T-1)        
1 14234U 83077A   00002.73047079  .00000102  00000-0  10000-3 0  9186
2 14234   4.6584  67.5452 0028436 264.4495  95.0205  0.99519516 32796
GALAXY 2                
1 14365U 83098A   99362.69198209 -.00000149  00000-0  10000-3 0  7841
2 14365   4.3510  69.1935 0011014 198.7014 161.0639  1.00140516 35365
INTELSAT 5 F-8          
1 14786U 84023A   00001.28391607 -.00000088  00000-0  10000-3 0  2860
2 14786   6.6152  56.5764 0017708 309.6107  50.1633  0.97290418 21225
SPACENET 1              
1 14985U 84049A   99345.67252255 -.00000353  00000-0  10000-3 0  6225
2 14985   2.9003  79.0737 0004949 201.4056 157.2964  1.00267059 34461
GORIZONT 10             
1 15144U 84078A   00002.95606911 -.00000297  00000-0  00000+0 0  6839
2 15144  10.3937  36.3126 0004563 184.6988 175.2884  1.00215417 57720
SBS 4                   
1 15235U 84093B   00002.14230844 -.00000246  00000-0  10000-3 0  1942
2 15235   5.1141  63.2887 0003574 204.1335 167.8501  1.00267749 32998
TELSTAR 3C (T-2)        
1 15237U 84093D   00002.37100401  .00000079  00000-0  10000-3 0  1228
2 15237   3.7464  73.5924 0007317 201.6364 158.0465  0.99782901 28312
GALAXY 3                
1 15308U 84101A   00001.90391448 -.00000031  00000-0  10000-3 0  1474
2 15308   3.7825  73.4778 0010820 167.2821 192.4401  0.99844595 55798
ANIK D2    ("F4")       
1 15383U 84113B   99361.06791511 -.00000179  00000-0  10000-3 0  6466
2 15383   4.9804  62.1808 0030688 148.3711 211.6546  0.98907082 19213
SPACENET 2              
1 15385U 84114A   00001.84002969 -.00000331  00000-0  10000-3 0  8383
2 15385   2.1497  85.1012 0014548 171.9216 267.6041  0.99757434 30572
GORIZONT 11             
1 15484U 85007A   00002.31858658  .00000047  00000-0  00000+0 0  7233
2 15484  10.0042  37.6866 0004366 207.2564 152.7084  1.00288590 55732
ARABSAT 1               
1 15560U 85015A   00001.55408608 -.00000371  00000-0  10000-3 0  3432
2 15560   6.7651  53.9382 0007815 180.3816 179.4375  1.00430022 29078
ANIK C1                 
1 15642U 85028B   00002.45756492 -.00000079  00000-0  10000-3 0  1459
2 15642   2.1935  87.3177 0003257 193.1077 239.4132  1.00271566 59712
GSTAR 1                 
1 15677U 85035A   00003.17740244 -.00000087  00000-0  10000-3 0  9517
2 15677   2.8022  80.3714 0009757 185.1605 155.4174  1.00271617 28348
ARABSAT 1B              
1 15825U 85048C   00002.09692348 -.00000258  00000-0  10000-3 0   170
2 15825   6.0888  57.8496 0015629 137.5349 222.4740  1.00430915 38440
TELSTAR 3D (T-3)        
1 15826U 85048D   00001.61848037 -.00000353  00000-0  00000+0 0  2810
2 15826   3.4816  75.3922 0003629 185.0285 190.9771  0.99880764 32946
INTELSAT 5A F-11        
1 15873U 85055A   00001.78951390 -.00000219  00000-0  00000+0 0  1602
2 15873   5.1851  63.4872 0003556 217.4103  74.6070  1.00270626 27774
AUSSAT 1                
1 15993U 85076B   00001.25916970  .00000095  00000-0  10000-3 0  1241
2 15993   5.2894  63.4244 0007593 167.2354 192.6181  0.99759023 23188
ASC 1                   
1 15994U 85076C   00003.34531670  .00000037  00000-0  10000-3 0   384
2 15994   4.0713  71.4707 0008970 175.5795 213.9685  1.00289314 21122
INTELSAT 5A F-12        
1 16101U 85087A   99354.39930325 -.00000041  00000-0  10000-3 0  3018
2 16101   4.3719  69.1430 0004230 108.2349 251.5198  0.99116920 34425
MORELOS B               
1 16274U 85109B   00001.47620104  .00000010  00000-0  10000-3 0  8587
2 16274   1.0811  90.8323 0002364 194.7771 226.0157  1.00271616 40987
AUSSAT 2                
1 16275U 85109C   00002.40117069 -.00000075  00000-0  10000-3 0  6404
2 16275   4.9185  64.9424 0007480 219.1257 126.0900  1.00272127 41482
SATCOM KU-2             
1 16276U 85109D   00002.24403103 -.00000223  00000-0  10000-3 0  9075
2 16276   2.1287  85.1461 0005377 185.9095 196.9970  1.00269475 29341
SATCOM KU-1             
1 16482U 86003B   00002.75833564  .00000086  00000-0  10000-3 0  1249
2 16482   2.4477  82.5440 0006827 195.8814 163.5771  0.99548361 28251
GSTAR 2                 
1 16649U 86026A   00002.40916062  .00000007  00000-0  00000+0 0  5462
2 16649   3.6243  74.7450 0008212 195.0767 164.6038  0.99799509 20255
GORIZONT 14             
1 17969U 87040A   00002.39776884 -.00000186  00000-0  10000-3 0  7498
2 17969  10.4537  39.8398 0026952 313.9181  45.8382  0.97659039 25492
AUSSAT K3               
1 18350U 87078A   99362.39695317 -.00000085  00000-0  10000-3 0  5386
2 18350   2.6623  74.0023 0004591 199.1927 130.1195  1.00271977 44485
SPACENET 3R             
1 18951U 88018A   99337.75068576 -.00000210  00000-0  10000-3 0  8474
2 18951   0.1739  98.9968 0002138 163.4907 355.9273  1.00260536 28017
GORIZONT 15             
1 19017U 88028A   00003.11916530 -.00000039  00000-0  00000+0 0  5531
2 19017   7.9481  51.8766 0031428 298.7327  60.8991  0.97826075 24988
INTELSAT 5A F-13        
1 19121U 88040A   00003.13821234  .00000071  00000-0  10000-3 0  6068
2 19121   3.4144  75.9949 0003579 209.4604  49.3340  1.00274084 19115
PAS 1                   
1 19217U 88051C   99360.17513480 -.00000282  00000-0  10000-3 0  4192
2 19217   0.0179 320.0626 0010845  21.5939 130.6026  1.00266778 52018
EUTELSAT 1 F5           
1 19331U 88063B   99364.35507723 -.00000126  00000-0  00000+0 0  3606
2 19331   4.2398  69.5735 0003974 201.2185 300.5969  1.00271250 19451
GSTAR 3                 
1 19483U 88081A   00003.15838615 -.00000102  00000-0  10000-3 0   157
2 19483   9.4835  48.4706 0008830 231.5481 134.0187  1.00272333 37733
SBS 5                   
1 19484U 88081B   99362.38130044  .00000000  00000-0  10000-3 0  9335
2 19484   0.0826 125.2603 0001548 147.0135 198.4689  1.00272235 32903
TDRS 3                  
1 19548U 88091B   99360.79673113 -.00000201  00000-0  10000-3 0  5148
2 19548   4.9593  65.0661 0003160 218.3234 183.6048  1.00269240 28448
TDF 1                   
1 19621U 88098A   99363.74720045  .00000061  00000-0  10000-3 0  2344
2 19621   2.7547  79.7954 0005589 201.6762 157.9097  0.99191348 37886
ASTRA 1A                
1 19688U 88109B   99350.84444866  .00000133  00000-0  10000-3 0  1991
2 19688   0.0920  66.6041 0021228 128.1147 213.6972  1.00277152 20565
INTELSAT 515            
1 19772U 89006A   00002.24248844 -.00000249  00000-0  00000+0 0  6719
2 19772   1.8826  86.8133 0003166 226.4560 197.4691  1.00273667 28754
JCSAT 1                 
1 19874U 89020A   99362.41068786  .00000055  00000-0  00000-0 0  6073
2 19874   1.9552  87.8251 0008547 205.2116 154.1073  0.99535919 32629
TDRS 4                  
1 19883U 89021B   00002.86266205 -.00000261  00000-0  10000-3 0  6920
2 19883   2.5620  81.9389 0002330 190.4240  99.2051  1.00265127212085
TELE X                  
1 19919U 89027A   00001.75161928  .00000071  00000-0  00000+0 0  2995
2 19919   2.2842  84.0446 0002576 144.8958 214.5970  0.99179780 21421
SUPERBIRD A             
1 20040U 89041A   99363.52680702 -.00000356  00000-0  10000-3 0  1607
2 20040   6.7999  53.9914 0006530 157.4093 202.5458  0.99750371 38044
DFS 1                   
1 20041U 89041B   99363.10209522 -.00000285  00000-0  10000-3 0   520
2 20041   3.1041  77.5421 0010849  73.2608 286.5167  1.00662895 27182
OLYMPUS                 
1 20122U 89053A   00001.38689315  .00000094  00000-0  10000-3 0  3357
2 20122   5.7097  60.3404 0014327  94.0473 265.9921  1.01366939 22903
TV SAT 2                
1 20168U 89062A   00001.52517650 -.00000077  00000-0  10000-3 0  4437
2 20168   1.1839  90.7719 0009221 140.1739 231.9281  0.99859060 38017
BSB R-1                 
1 20193U 89067A   99358.86379133  .00000029  00000-0  10000-3 0  3246
2 20193   0.3721  97.2379 0001213 171.6490 140.1987  1.00273069 21115
GORIZONT 19             
1 20263U 89081A   99363.62819183 -.00000232  00000-0  00000+0 0  9758
2 20263   6.3726  54.3976 0002279 204.9364 154.9738  1.00196560 37567
JCSAT 2                 
1 20402U 90001B   00002.35241943 -.00000161  00000-0  10000-3 0  5754
2 20402   0.0179 325.5452 0001834 281.0122 135.6336  1.00271731 19958
INTELSAT 6 F-3          
1 20523U 90021A   00002.16872685 -.00000180  00000-0  00000+0 0  9369
2 20523   0.0231  66.1609 0002993 245.3195 185.8597  1.00272643 28840
ASIASAT 1               
1 20558U 90030A   00002.06142940 -.00000357  00000-0  00000+0 0  4653
2 20558   0.6086  96.9819 0001209 160.7030 347.3784  1.00273295 35679
INSAT 1D                
1 20643U 90051A   00002.05036552 -.00000075  00000-0  00000+0 0  3231
2 20643   1.5611  89.9703 0009753 220.6911 242.3143  1.00276674 21850
INTELSAT VI F4          
1 20667U 90056A   99362.00000000  .00000040  00000-0  00000+0 0  1108
2 20667   0.0672  62.4540 0011446 269.0858 184.4419  1.00274984 37650
TDF 2                   
1 20705U 90063A   00001.37809561 -.00000214  00000-0  00000+0 0  3577
2 20705   0.9668  94.0502 0039866  71.1580 207.2192  0.98607878 37982
DFS 2                   
1 20706U 90063B   99361.19014441  .00000000  00000-0  10000-3 0  2420
2 20706   0.0024 204.2374 0003559  64.5617 283.3645  1.00270618 26617
BSB R-2                 
1 20762U 90074A   99364.53299559 -.00000012  00000-0  10000-3 0  1928
2 20762   0.0426 214.5132 0001184  73.8415   1.2565  1.00270473 34506
EUTELSAT II F1          
1 20777U 90079B   00003.38733796  .00000129  00000-0  00000+0 0  5747
2 20777   0.8432  94.7224 0003957 193.1165   1.9464  1.00276423 14644
SBS 6                   
1 20872U 90091A   99359.07510551 -.00000259  00000-0  10000-3 0  5949
2 20872   0.0211  64.0195 0001372 214.1506 127.9561  1.00268934 22088
GALAXY VI               
1 20873U 90091B   00002.28588565 -.00000123  00000-0  10000-3 0  6907
2 20873   0.0424 216.0187 0001915   8.3349 240.8115  1.00271684 28336
SATCOM I (SATCOM C1)    
1 20945U 90100A   00002.31296049  .00000101  00000-0  10000-3 0  6809
2 20945   0.0134  46.7890 0005083 274.8436 115.2270  1.00272036 31197
GSTAR IV                
1 20946U 90100B   00003.17044633 -.00000083  00000-0  10000-3 0  8694
2 20946   0.0432 157.5138 0001291 174.6607  86.2924  1.00271373 28337
EUTELSAT II F2          
1 21056U 91003B   00002.18296875 -.00000097  00000-0  00000+0 0   790
2 21056   0.0493  61.2543 0004126 198.1075 255.0986  1.00271499 20412
ASTRA 1B                
1 21139U 91015A   99352.83362922  .00000107  00000-0  10000-3 0  9470
2 21139   0.0091 342.6477 0101517  58.6751   4.9261  1.00281493 20583
ANIK E2                 
1 21222U 91026A   00001.09511240 -.00000073  00000-0  10000-3 0  5890
2 21222   0.0127   5.7294 0001509 231.9211 149.3823  1.00272122 21079
SPACENET 4 (ASC 2)      
1 21227U 91028A   00002.29428056 -.00000109  00000-0  00000+0 0  7080
2 21227   0.0566 194.0613 0001414 103.3633 168.6542  1.00270016 30019
AURORA II               
1 21392U 91037A   00001.44474826  .00000106  00000-0  10000-3 0  5084
2 21392   0.0427  89.7264 0002033 184.8368 206.9462  1.00274870 31006
INTELSAT 6 F-5          
1 21653U 91055A   00003.15614005 -.00000197  00000-0  10000-3 0  3066
2 21653   0.0267  78.9132 0003071 223.6486 188.2333  1.00272714 30696
ANIK-E1                 
1 21726U 91067A   00002.42183001 -.00000045  00000-0  00000+0 0  5425
2 21726   0.0082  35.1048 0002162 239.4627 227.5247  1.00271466 21240
INTELSAT VI-F1          
1 21765U 91075A   00001.21964699 -.00000237  00000-0  00000+0 0  1163
2 21765   0.0399   8.3505 0002061 252.9530 243.3739  1.00267053 29770
EUTELSAT II             
1 21803U 91083A   99359.12276118  .00000149  00000-0  10000-3 0   436
2 21803   0.0136  42.7973 0003552 244.8631 245.6213  1.00271579 25452
TELECOM 2A              
1 21813U 91084A   00003.03302083 -.00000060  00000-0  10000-3 0  5851
2 21813   0.0165  72.6485 0006043 223.0999 170.0808  1.00271704 28295
SUPERBIRD B1            
1 21893U 92010A   00003.18779977 -.00000087  00000-0  10000-3 0  5911
2 21893   0.0280 257.8271 0004248 346.7681  87.1470  1.00271561 28549
ARABSAT 1C              
1 21894U 92010B   99364.76088542  .00000083  00000-0  00000+0 0   909
2 21894   0.0812 105.3752 0005902 171.7237 150.5049  1.00273176 28588
GALAXY 5                
1 21906U 92013A   00001.27671023  .00000039  00000-0  10000-3 0  3789
2 21906   0.0483 159.3844 0000830 204.4251  71.0172  1.00273770 20274
TELECOM-2B              
1 21939U 92021A   99359.84943288 -.00000051  00000-0  10000-3 0  1510
2 21939   0.0189 305.1177 0005283 311.5389 138.0417  1.00270538 21021
INTELSAT K              
1 21989U 92032A   99361.25177728 -.00000174  00000-0  00000-0 0   693
2 21989   0.0349  21.4026 0003892 213.4542 289.5118  1.00269938 38222
GORIZONT 26             
1 22041U 92043A   00001.22998843 -.00000093  00000-0  00000+0 0  6734
2 22041   4.1170  67.8705 0003601 240.5021 223.6514  1.00271209 27319
AUSSAT B1               
1 22087U 92054A   00002.40441031 -.00000107  00000-0  10000-3 0  2400
2 22087   0.0294  56.1883 0004540 242.8346 107.8751  1.00270971 38523
SATCOM C4               
1 22096U 92057A   99362.28634664  .00000000  00000-0  10000-3 0  5013
2 22096   0.0309  96.1636 0003643 173.0605 155.2600  1.00274067 28851
HISPASAT 1A             
1 22116U 92060A   99363.28177787 -.00000223  00000-0  10000-3 0  9235
2 22116   0.0214  27.9218 0001359 246.5578 254.2322  1.00268362 23367
SATCOM C3               
1 22117U 92060B   00003.31186594  .00000075  00000-0  10000-3 0  3259
2 22117   0.0202 237.8571 0001717  52.1448 153.5994  1.00270431 26756
DFS 3                   
1 22175U 92066A   00002.24806713  .00000142  00000-0  00000+0 0   721
2 22175   0.0117  30.8798 0005926 258.6103 284.5162  1.00277717 24163
GALAXY VII              
1 22205U 92072A   00002.34318139 -.00000170  00000-0  00000+0 0  1311
2 22205   0.0110 316.5222 0002707 341.0800 196.2209  1.00272109 20573
SUPERBIRD A1            
1 22253U 92084A   00001.15588542 -.00000128  00000-0  10000-3 0   959
2 22253   0.0166 220.0049 0004247  32.7541  61.4682  1.00270272 25640
TDRS F6                 
1 22314U 93003B   99364.09787038 -.00000282  00000-0  00000+0 0   184
2 22314   0.8637  93.9463 0003255 179.1266 173.2135  1.00266257 25524
GALAXY IV               
1 22694U 93039A   00001.37968743  .00000130  00000-0  00000+0 0   696
2 22694   1.2276  90.5775 0041533 222.2791 136.4235  1.00264853 22116
HISPASAT-1B             
1 22723U 93048A   99363.24805065 -.00000222  00000-0  10000-3 0  7056
2 22723   0.0137 189.4154 0003744  77.3609 249.7876  1.00269563 23315
INTELSAT VII FI         
1 22871U 93066A   00001.38478546  .00000055  00000-0  00000+0 0  7559
2 22871   0.0282  49.6244 0003013 244.8673 124.3866  1.00273743 22577
SOLIDARIDAD             
1 22911U 93073A   00003.29304664 -.00000056  00000-0  10000-3 0  8900
2 22911   0.0151 273.4557 0002626   4.9434 180.1094  1.00271855 21035
TELSTAR 401             
1 22927U 93077A   00003.29028736 -.00000107  00000-0  00000+0 0  3057
2 22927   2.2882  83.9943 0007873 213.5689 167.7234  1.00257939 21695
DBS-1                   
1 22930U 93078A   99362.09511446  .00000000  00000-0  10000-3 0  9413
2 22930   0.0095  36.0655 0002938 226.9070 117.6060  1.00268525 30176
THAICOM                 
1 22931U 93078B   00001.15871528 -.00000360  00000-0  10000-3 0  7051
2 22931   0.0658  91.4373 0002649 159.8418  25.9629  1.00265636 21670
INTELSAT 702            
1 23124U 94034A   00001.34693458  .00000034  00000-0  10000-3 0  6320
2 23124   0.0296 228.0108 0003125  69.4002 104.7729  1.00271763 34491
PANAMSAT 2              
1 23175U 94040A   99363.44627939 -.00000036  00000-0  00000+0 0  7570
2 23175   0.0215 218.7802 0002540  39.9820 168.3602  1.00272381 19367
TELSTAR 402             
1 23249U 94058A   99362.95661994  .00031051  41548-7  11830-2 0  1259
2 23249   6.9982 168.3019 6405880 151.9079 267.0493  3.50896565 55421
EXPRESS-1               
1 23319U 94067A   00001.23971296 -.00000110  00000-0  00000+0 0  2034
2 23319   0.0543  97.1267 0002104 157.7808 277.5741  1.00270235 19099
ORION                   
1 23413U 94079A   99362.25216647 -.00000259  00000-0  10000-3 0  4035
2 23413   0.0344 298.1176 0001567 292.4742 278.9577  1.00268946 18199
INTELSAT 705            
1 23528U 95013A   00001.07163405 -.00000140  00000-0  10000-3 0  6600
2 23528   0.0308  23.6983 0003625 240.4581 203.6285  1.00269790 17439
INTELSAT 706            
1 23571U 95023A   00001.05355325 -.00000283  00000-0  10000-3 0  4540
2 23571   0.0094 210.1806 0003032  78.2531 137.7562  1.00265667 16927
ASIASAT 2               
1 23723U 95064A   00001.33039352 -.00000305  00000-0  10000-3 0  4550
2 23723   0.0420 154.3642 0001465 109.8389  55.5424  1.00272927 15005
ECHOSTAR-1              
1 23754U 95073A   00002.36204434  .00000006  00000-0  10000-3 0  4640
2 23754   0.0281  35.5466 0001664 256.5748 180.3433  1.00273800 14566
GE-2                    
1 24713U 97002A   00002.25182542 -.00000202  00000-0  10000-3 0  3427
2 24713   0.0101 276.8070 0003220  20.0445 170.1161  1.00271047 10711
NAHUEL 1A               
1 24714U 97002B   00001.10923284 -.00000258  00000-0  10000-3 0  3147
2 24714   0.0392 164.9857 0003817 110.2547 152.3450  1.00270640 10701
ASIASAT 3               
1 25126U 97086A   00001.84753472 -.00000273  00000-0  10000-4 0  2527
2 25126   7.6025 294.4856 0046451 333.4307  78.0085  1.00268156  8240

