MACSAT 2 (M 2)          
1 20608U 90043B   01263.75213912  .00001782  00000-0  28344-3 0  8467
2 20608  89.8786 152.3794 0100125 165.5211 194.8910 14.68332100607794
TUBSAT A                
1 21577U 91050D   01263.96163896  .00000596  00000-0  21272-3 0  2997
2 21577  98.1325 269.3202 0005512 263.9401  96.1162 14.37443846533947
S80/T                   
1 22078U 92052C   01263.70239023 -.00000037  00000-0  10000-3 0   621
2 22078  66.0854 122.4826 0010045 203.4509 156.6053 12.86649390428095
HEALTHSAT 1             
1 22827U 93061E   01263.64781391  .00000548  00000-0  23286-3 0  1219
2 22827  98.3439 308.6645 0009103 334.0677  26.0047 14.29012942416299
TUBSAT B                
1 22970U 94003B   01263.90314368  .00000051  00000-0  10000-3 0  8878
2 22970  82.5654 344.2914 0016790 109.9002 250.3931 13.16866772367986
CERISE                  
1 23606U 95033B   01263.92237368  .00004877  00000-0  72376-3 0  6013
2 23606  98.3244 237.4196 0006294 212.6790 147.4031 14.75518920332964
UPM/LBSAT               
1 23607U 95033C   01263.91557133  .00002519  00000-0  42053-3 0  7839
2 23607  98.3281 233.3030 0005202 233.0539 127.0181 14.70847463332696
FAISAT 2V               
1 24954U 97052B   01263.98887101  .00000204  00000-0  18222-3 0  4529
2 24954  82.9192 271.0548 0039949 149.6202 210.7286 13.79281792201000
MUBLCOM                 
1 25736U 99026B   01263.95794123  .00003648  00000-0  12021-2 0  4489
2 25736  97.7131  51.9398 0004288 138.0691 222.0827 14.38645087123025
