AO-10                   
1 14129U 83058B   01265.21732396  .00000077  00000-0  10000-3 0  8377
2 14129  26.3350 251.7220 6023330 184.7791 164.7427  2.05867543109473
UO-11                   
1 14781U 84021B   01265.88041234  .00003279  00000-0  50163-3 0  6187
2 14781  98.0439 229.2496 0011759  61.7793 298.4601 14.74381599940437
RS-10/11                
1 18129U 87054A   01263.79588384  .00000099  00000-0  92198-4 0  9978
2 18129  82.9279 167.9831 0010451 214.3894 145.6581 13.72580966713757
UO-14                   
1 20437U 90005B   01265.66805342  .00000388  00000-0  16389-3 0  7849
2 20437  98.3520 321.7970 0010562 291.1959  68.8091 14.30769306608997
UO-15                   
1 20438U 90005C   01264.69784489  .00000272  00000-0  12171-3 0  5698
2 20438  98.3219 312.4503 0009490 303.2747  56.7510 14.29834015608574
AO-16                   
1 20439U 90005D   01265.26486754  .00000408  00000-0  17150-3 0  5869
2 20439  98.3959 330.1162 0010880 296.0346  63.9713 14.30903669608965
DO-17                   
1 20440U 90005E   01265.20631979  .00000524  00000-0  21468-3 0  5749
2 20440  98.4100 332.8357 0010629 294.4518  65.5554 14.31124787609010
WO-18                   
1 20441U 90005F   01265.90581486  .00000431  00000-0  17995-3 0  6089
2 20441  98.4049 333.0169 0011033 293.3523  66.6497 14.30995978609106
LO-19                   
1 20442U 90005G   01264.75211651  .00000464  00000-0  19188-3 0  5829
2 20442  98.4182 334.0674 0011720 296.7792  63.2184 14.31143446608982
FO-20                   
1 20480U 90013C   01263.67650163 -.00000045  00000-0 -38292-4 0  3424
2 20480  99.0510 314.2150 0540699  92.9252 273.3830 12.83296884544345
AO-21                   
1 21087U 91006A   01265.69543668  .00000122  00000-0  11262-3 0  9704
2 21087  82.9458 337.9355 0033857 244.0730 115.6936 13.74796420534272
RS-12/13                
1 21089U 91007A   01264.90156595  .00000136  00000-0  12816-3 0  3669
2 21089  82.9228 203.2404 0027839 282.0257  77.7772 13.74284563533093
UO-22                   
1 21575U 91050B   01265.86506497  .00000744  00000-0  25814-3 0  3132
2 21575  98.1251 274.8979 0006386 244.2879 115.7651 14.38255583534410
KO-23                   
1 22077U 92052B   01265.52092447 -.00000037  00000-0  10000-3 0   326
2 22077  66.0855 122.2178 0009566 212.4330 147.6102 12.86372420428183
AO-27                   
1 22825U 93061C   01264.88601013  .00000392  00000-0  17304-3 0   834
2 22825  98.3418 309.1466 0008561 347.9676  12.1301 14.28473239416388
IO-26                   
1 22826U 93061D   01265.69052817  .00000397  00000-0  17439-3 0   639
2 22826  98.3469 310.7716 0009167 343.1248  16.9628 14.28650137416532
KO-25                   
1 22828U 93061F   01265.17319626  .00000361  00000-0  15883-3 0   382
2 22828  98.3435 310.5153 0010170 325.2751  34.7766 14.29062346384643
POSAT                   
1 22829U 93061G   01265.18028374  .00000507  00000-0  21605-3 0   630
2 22829  98.3448 310.8898 0009799 325.7530  34.3019 14.29145227416566
RS-15                   
1 23439U 94085A   01263.63660776 -.00000042  00000-0  24385-4 0  5843
2 23439  64.8172 155.8140 0162992 210.3037 148.8381 11.27542600277423
FO-29                   
1 24278U 96046B   01265.68159013  .00000042  00000-0  76036-4 0  4442
2 24278  98.5311 117.6081 0351705 109.1102 254.8458 13.52782673251829
MO-30                   
1 24305U 96052B   01263.97908041  .00000204  00000-0  20364-3 0  5772
2 24305  82.9323 283.9942 0029142 195.5281 164.4983 13.73313636252717
TO-31                   
1 25396U 98043C   01265.24530937 -.00000044  00000-0  00000+0 0  5619
2 25396  98.6787 341.0373 0003204 167.2644 192.8617 14.23058187166367
GO-32                   
1 25397U 98043D   01263.88668895  .00000222  00000-0  11903-3 0  1906
2 25397  98.6767 339.1513 0001164 157.4639 202.6589 14.22628462166162
SO-33                   
1 25509U 98061B   01265.10594623  .00001607  00000-0  31765-3 0  4027
2 25509  31.4323 175.5594 0362728 134.7587 228.3017 14.25901035151783
PO-34                   
1 25520U 98064B   01265.69316731  .00004532  00000-0  26906-3 0  4536
2 25520  28.4627  35.5657 0006764 192.1419 167.8979 15.08887317159747
ISS (ZARYA)             
1 25544U 98067A   01266.19548172  .00048088  00000-0  59299-3 0  5038
2 25544  51.6397 315.5889 0007977 123.4944 339.7871 15.59662442162370
SO-35                   
1 25636U 99008C   01263.87447755  .00001245  00000-0  33900-3 0  5364
2 25636  96.4856   2.8133 0151173 165.4405 195.1214 14.42007224135460
UO-36                   
1 25693U 99021A   01266.13658896  .00000474  00000-0  91791-4 0  2064
2 25693  64.5594 139.0784 0039914 235.1441 124.5905 14.74069954130524
WO-39                   
1 26061U 00004A   01263.19919749  .00002142  00000-0  75401-3 0  3566
2 26061 100.1957 214.2531 0036009 297.8107  61.9427 14.35853790 86367
OO-38                   
1 26063U 00004C   01263.88538669  .00000777  00000-0  29270-3 0  3286
2 26063 100.1962 214.3474 0037236 296.8352  62.9018 14.34751355 86423
AO-37                   
1 26065U 00004E   01263.21590299  .00000820  00000-0  30788-3 0  3265
2 26065 100.1962 213.6034 0037337 300.5171  59.2326 14.34708495 86319
SO-41                   
1 26545U 00057A   01263.58479767  .00002895  00000-0  43453-3 0  1773
2 26545  64.5610 174.5988 0044628 320.7605  39.0278 14.75798690 52984
SO-42                   
1 26549U 00057E   01263.87681121  .00002998  00000-0  45873-3 0  2715
2 26549  64.5491 175.2991 0045917 326.6068  33.2073 14.74857720 52996
AO-40                   
1 26609U 00072B   01262.78893491 -.00000130  00000-0  10000-3 0  1432
2 26609   5.9065 155.4489 7972256 329.5533   2.5040  1.25599057  4091
