EKRAN 1                 
1 09503U 76107A   99363.49435410 -.00000303  00000-0  10000-3 0   989
2 09503  15.0109  11.9829 0070501 269.0915  90.0260  1.00293274101636
EKRAN 2                 
1 10365U 77092A   00002.48969385 -.00000307  00000-0  10000-3 0  6334
2 10365  14.8330  14.7182 0027394 110.1238 250.1822  1.00296203 38082
EKRAN 3                 
1 11273U 79015A   99356.63597115  .00000014  00000-0  10000-3 0  1143
2 11273  14.3960  18.6508 0034790 104.4246 255.9713  1.00316022 38010
EKRAN 4                 
1 11561U 79087A   99361.59863872 -.00000077  00000-0  10000-3 0  5570
2 11561  14.1625  20.6617 0016533 265.5157  94.2714  1.00321473 35978
EKRAN 6                 
1 12120U 80104A   99361.60446411 -.00000065  00000-0  10000-3 0  1889
2 12120  13.5938  23.6270 0011255 199.4199 160.5442  1.00222011 30467
EKRAN 7                 
1 12564U 81061A   00001.51134497 -.00000324  00000-0  10000-3 0  5955
2 12564  13.3579  24.9508 0003149 184.9154 175.0636  1.00268401 32617
EKRAN 8                 
1 13056U 82009A   99361.88183006  .00000000  00000-0  10000-3 0  1756
2 13056  13.0447  27.0506 0021396  75.9926 284.2553  0.99946873 21990
EKRAN 9                 
1 13554U 82093A   00001.63986390  .00000054  00000-0  10000-3 0  5769
2 13554  12.5308  27.5545 0022672 117.8278 242.4065  1.00220293 23108
EKRAN 10                
1 13878U 83016A   00002.73110188 -.00000119  00000-0  10000-3 0  2748
2 13878  13.5058  32.2608 0035759 156.5032 203.6842  0.95029258 27399
EKRAN 11                
1 14377U 83100A   99359.54249308 -.00000339  00000-0  10000-3 0  6946
2 14377  11.8577  30.7552 0003936 212.6871 147.2756  1.00279328 54242
EKRAN 12                
1 14821U 84028A   99362.27821809 -.00000139  00000-0  10000-3 0  9824
2 14821  12.5546  34.1402 0014361 238.0700 121.7826  0.96060608 41210
EKRAN 13                
1 15219U 84090A   00002.38075389 -.00000161  00000-0  10000-3 0  7423
2 15219  11.8160  36.7252 0011841 311.8008  48.0928  0.96023475 24315
EKRAN 14                
1 15626U 85024A   00002.82731910 -.00000138  00000-0  10000-3 0  9270
2 15626  11.5653  39.2874 0017536 147.9443 212.1531  0.94797517 30681
EKRAN 15                
1 16729U 86038A   99364.13905905 -.00000075  00000-0  10000-3 0  5570
2 16729  10.4593  40.9827 0017042 159.1445 200.9036  0.96545530 25039
EKRAN 16                
1 18328U 87073A   99364.13515422 -.00000074  00000-0  10000-3 0  6039
2 18328   9.2975  45.1742 0006168 238.0598 121.8500  0.96483965 43751
EKRAN 17                
1 18715U 87109A   00001.29490164 -.00000113  00000-0  10000-3 0  6877
2 18715   7.9409  50.8752 0038007   1.9908 357.9571  0.95883445 28154
EKRAN 18                
1 19090U 88036A   99362.39323188 -.00000151  00000-0  10000-3 0  8508
2 19090   8.8229  48.1769 0017312 226.2068 133.5973  0.95149182 25057
EKRAN 19                
1 19683U 88108A   99363.30375964 -.00000108  00000-0  10000-3 0   691
2 19683   7.2039  54.0537 0024157 326.1625  33.6051  0.96655410 40141
EKRAN 20                
1 22210U 92074A   00002.40300542 -.00000300  00000-0  00000+0 0  6203
2 22210   3.8769  69.3186 0003114 253.2493  22.8611  1.00279067 26271



