STARLETTE               
1 07646U 75010A   01263.85706645 -.00000149  00000-0 -26596-5 0  5646
2 07646  49.8238 125.3178 0205553  97.2517 265.1723 13.82230237344757
LAGEOS 1                
1 08820U 76039A   01263.76203488  .00000001  00000-0  00000-0 0  7767
2 08820 109.8586 324.2832 0043724  77.2978 283.2747  6.38664746336545
EGP                     
1 16908U 86061A   01265.74749032 -.00000083  00000-0  10000-3 0  6134
2 16908  50.0126 203.0682 0011486 230.2756 129.7094 12.44437531355915
LAGEOS 2                
1 22195U 92070B   01263.83734109 -.00000009  00000-0  10000-3 0    01
2 22195  52.6440 217.0758 0137454 197.1785 162.4090  6.47294312210681
STELLA                  
1 22824U 93061B   01263.98065013  .00000013  00000-0  22156-4 0   390
2 22824  98.3350 304.3216 0006956   2.1256 357.9954 14.27190691416046
WESTPAC                 
1 25398U 98043E   01263.62710966 -.00000292  00000-0 -11150-3 0  4845
2 25398  98.6769 339.2558 0002631 137.1944 222.9328 14.22511470166121

