GOES 6                  
1 14050U 83041A   00003.19605012  .00000052  00000-0  10000-3 0  9499
2 14050   8.9665  42.8887 0003897 222.1344 137.8119  1.00242869119180
GOES 7                  
1 17561U 87022A   00003.36128194  .00000127  00000-0  00000+0 0  8321
2 17561   5.4911  61.8522 0001195 264.5936 106.9849  1.00212820 30294
GOES 8                  
1 23051U 94022A   00001.20755699 -.00000248  00000-0  00000+0 0  9592
2 23051   0.4172  97.8145 0004847 189.8989 172.5319  1.00265376 28330
GOES 9                  
1 23581U 95025A   00002.26816481 -.00000126  00000-0  00000+0 0  8132
2 23581   0.1147 242.6150 0217203  64.5808 142.6944  1.00275719 16908
GOES 10                 
1 24786U 97019A   99362.42256284  .00000081  00000-0  00000+0 0  4651
2 24786   0.0093 300.8396 0003412 359.9528 172.4698  1.00277578  9824

