GOES 2                  
1 10061U 77048A   01263.60054748 -.00000273  00000-0  00000+0 0  5358
2 10061  13.9645  17.6048 0013900 182.6327 177.3727  0.99402355 33700
GOES 3                  
1 10953U 78062A   01264.34179669 -.00000144  00000-0  00000+0 0  3419
2 10953  13.1538  21.3030 0004813 309.2147  50.7365  1.00267268 38337
GOES 6                  
1 14050U 83041A   01265.31742843 -.00000270  00000-0  10000-3 0  2247
2 14050   9.7647  38.6756 0001918 320.0422  39.9608  1.00252909125485
GOES 7                  
1 17561U 87022A   01264.47134976  .00000027  00000-0  00000+0 0  1836
2 17561   6.6392  58.4590 0005044 319.5938 331.9906  1.00272167 36578
GOES 8                  
1 23051U 94022A   01264.43676315 -.00000271  00000-0  00000+0 0  8568
2 23051   0.2454 101.8570 0002790  95.3562 245.8376  1.00272912 34644
GOES 9                  
1 23581U 95025A   01265.30816492 -.00000117  00000-0  00000+0 0  7578
2 23581   1.0145  94.2711 0003877 234.3094  39.9227  1.00270588 23217
GOES 10                 
1 24786U 97019A   01264.69021780  .00000070  00000-0  00000+0 0  8679
2 24786   0.2107 277.6041 0004241 238.6947 317.3845  1.00268713 16170
GOES 11                 
1 26352U 00022A   01264.42423117 -.00000090  00000-0  10000-3 0  3379
2 26352   0.2105 277.5217 0005209 292.2036 195.1420  1.00279087  5077
GOES 12                 
1 26871U 01031A   01262.49696619 -.00000202  00000-0  00000+0 0   760
2 26871   0.2470 284.1984 0002543 169.2434 353.9859  1.00269495   657
