INTELSAT 511            
1 15873U 85055A   01264.03148149 -.00000238  00000-0  00000+0 0  4044
2 15873   6.3527  60.2522 0004228  56.6421 224.9353  1.00268858 34076
INTELSAT 513            
1 19121U 88040A   01263.52638076  .00000049  00000-0  10000-3 0  8988
2 19121   4.7316  72.5664 0002711  95.2966 204.1597  1.00275879 25391
INTELSAT 515            
1 19772U 89006A   01262.18707126 -.00000273  00000-0  00000+0 0  9107
2 19772   3.2734  82.7132 0002913  88.4016 216.7370  1.00269994 35028
INTELSAT 602            
1 20315U 89087A   01262.73416403  .00000011  00000-0  10000-3 0  6018
2 20315   0.0174 288.8273 0002174 255.5651 140.6107  1.00272763 41367
INTELSAT 603            
1 20523U 90021A   01262.02887154 -.00000207  00000-0  10000-3 0  1761
2 20523   0.0072 301.2289 0002816 143.5810 259.1511  1.00271140 35117
INTELSAT 604            
1 20667U 90056A   01261.64410909  .00000026  00000-0  10000-3 0  3473
2 20667   0.0397 145.3167 0002027  61.5026  82.6966  1.00272783 43970
INTELSAT 605            
1 21653U 91055A   01263.00689237 -.00000224  00000-0  10000-3 0  5375
2 21653   0.0335 158.9738 0004711  92.6529  82.2786  1.00269606 36964
INTELSAT 601            
1 21765U 91075A   01262.03233797 -.00000261  00000-0  00000+0 0  3733
2 21765   0.0030 188.9053 0001809   6.4094 139.8570  1.00270413 36056
INTELSAT K              
1 21989U 92032A   01264.89660293 -.00000185  00000-0  00000+0 0  3012
2 21989   0.0071 180.9841 0002850 335.5535 145.5198  1.00270526 44581
INTELSAT 701            
1 22871U 93066A   01263.95107697  .00000032  00000-0  00000+0 0  9972
2 22871   0.0345 287.5676 0002277 277.0668 317.6229  1.00271706 28878
INTELSAT 702            
1 23124U 94034A   01265.56283412  .00000006  00000-0  00000+0 0  9307
2 23124   0.0161 270.5393 0000983 240.4901 229.0955  1.00273509 40813
INTELSAT 703            
1 23305U 94064A   01262.73877311  .00000049  00000-0  00000+0 0  6162
2 23305   0.0095 171.9334 0002086  38.7036 111.0732  1.00274949 25570
INTELSAT 704            
1 23461U 95001A   01262.73325333 -.00000024  00000-0  10000-3 0  6898
2 23461   0.0221 282.6631 0001918 212.1976 193.8539  1.00272221 24548
INTELSAT 705            
1 23528U 95013A   01261.86392941 -.00000164  00000-0  00000+0 0  9137
2 23528   0.0190 302.2872 0003503 226.7347 121.8115  1.00270806 23714
INTELSAT 706            
1 23571U 95023A   01263.21925337 -.00000306  00000-0  10000-3 0  6767
2 23571   0.0124 220.8551 0002609 322.4050 201.8024  1.00266011 23226
INTELSAT 707            
1 23816U 96015A   01261.01532745 -.00000034  00000-0  00000+0 0  6891
2 23816   0.0232 246.2806 0002660 286.9275 188.3066  1.00272402 20215
INTELSAT 709            
1 23915U 96035A   01263.04387733 -.00000304  00000-0  10000-3 0  6821
2 23915   0.0099 184.8421 0002170 301.2958 198.6309  1.00267837 19309
INTELSAT 801            
1 24742U 97009A   01264.02915510 -.00000245  00000-0  10000-3 0  6375
2 24742   0.0354 310.2184 0005251 238.5843 150.1626  1.00269888 16749
INTELSAT 802            
1 24846U 97031A   01260.58845830 -.00000013  00000-0  00000+0 0  5297
2 24846   0.0317 283.2924 0002733 253.2401 205.9188  1.00273488 15551
INTELSAT 803            
1 24957U 97053A   01264.89918120 -.00000185  00000-0  00000+0 0  4980
2 24957   0.0216 274.8904 0003052 262.5901 125.5877  1.00270440 14667
INTELSAT 804            
1 25110U 97083A   01261.64327034 -.00000009  00000-0  00000+0 0  4922
2 25110   0.0248 282.2436 0004459 262.0879 109.0153  1.00273411 13796
INTELSAT 806            
1 25239U 98014A   01264.04487270 -.00000282  00000-0  00000+0 0  4838
2 25239   0.0124 245.3879 0003045 298.7449 151.5068  1.00270248 13120
INTELSAT 805            
1 25371U 98037A   01264.06144098 -.00000306  00000-0  00000+0 0  3836
2 25371   0.0214 280.3795 0004114 266.5837 139.6358  1.00268140 11973
INTELSAT 901            
1 26824U 01024A   01264.62273605 -.00000305  00000-0  00000+0 0   778
2 26824   0.0306 264.7594 0002213 267.0396   0.0121  1.00268986  1084
INTELSAT 902            
1 26900U 01039A   01265.73756831  .00000050  00000-0  00000+0 0   304
2 26900   0.0327 122.2024 0051244  44.9096 156.8453  1.00294028   268
