MOLNIYA 3-35            
1 20052U 89043A   01263.65043941  .00082511 -57713-6  22925-3 0  2822
2 20052  61.9796 172.9144 7392555 259.4263  17.6259  2.20130148 90970
MOLNIYA 3-37            
1 20444U 90006A   01263.07937671  .00002166  00000-0  17904-2 0  4006
2 20444  61.9931 240.7894 7431722 254.3195  19.4162  2.00450760 85420
MOLNIYA 1-77            
1 20583U 90039A   01263.23589155  .00000052  00000-0  14912-2 0  1616
2 20583  63.9590   6.7131 7480388 246.4785  23.0758  2.01174394 83595
MOLNIYA 3-38            
1 20646U 90052A   01263.43863293  .00009088  31849-6  56014-3 0   114
2 20646  63.3431  10.6755 7517142 257.0011  17.4565  2.01890480 82625
MOLNIYA 1-78            
1 20742U 90071A   01262.53905526 -.00000039  00000-0  00000-0 0  2837
2 20742  64.3258  80.0431 7294665 247.1063  25.0528  2.00611287 81427
MOLNIYA 3-39            
1 20813U 90084A   01260.79167988  .00001358  00000-0  10000-3 0  9170
2 20813  64.3568 117.9180 7044533 257.8893  21.7226  2.00367546 80532
MOLNIYA 1-79            
1 20949U 90101A   01263.52611977 -.00000294  00000-0  10000-3 0  3607
2 20949  63.2892 283.7722 7234171 255.8666 333.7071  2.01068083 79334
MOLNIYA 1-80            
1 21118U 91012A   01263.66487789  .00000094  00000-0  10000-3 0   317
2 21118  64.4688 234.6446 6514468 267.1332 338.7544  2.00568700 77633
MOLNIYA 3-40            
1 21196U 91022A   01261.15604785  .00000850  00000-0  10000-3 0  6140
2 21196  64.4412 228.7233 6516838 265.3069  23.1530  2.00621785 76881
MOLNIYA 1-81            
1 21426U 91043A   01263.02330730  .00000136  00000-0  10000-3 0  8029
2 21426  63.6676 253.0571 6818686 264.1441  20.8573  2.00594838 75184
MOLNIYA 1-82            
1 21630U 91053A   01263.16870046  .00000238  00000-0  83734-3 0  8095
2 21630  62.8748 307.7450 7440223 249.6780  21.6291  2.00668629 74284
MOLNIYA 3-41            
1 21706U 91065A   01263.76157508  .00000886  00000-0  10000-3 0  9983
2 21706  63.8621 130.1897 7126097 259.1615  49.7074  2.00534494 73332
MOLNIYA 1-83            
1 21897U 92011A   01263.34382034  .00000494  00000-0  00000-0 0  5879
2 21897  64.9569 103.9975 7160253 253.4941  40.6663  2.00511296 69976
MOLNIYA 1-84            
1 22068U 92050A   01263.78083126  .00000135  00000-0  10000-3 0  2795
2 22068  64.6672 145.9844 7021876 252.7505  64.9798  2.00614924 66860
MOLNIYA 3-42            
1 22178U 92067A   01263.92730616  .00000178  00000-0  10000-3 0  1846
2 22178  64.0005 218.5290 6784182 265.5505  22.9254  2.00598913 65482
MOLNIYA 3-43            
1 22255U 92085A   01263.00042916  .00000212  00000-0  10000-3 0  9162
2 22255  64.2709 343.3776 7217094 266.3594  16.5444  2.00619862 64473
MOLNIYA 1-85            
1 22309U 93002A   01263.40250819  .00000109  00000-0  81685-3 0  1680
2 22309  64.1919  34.5359 7452522 248.4656  22.3130  2.00648251 63658
MOLNIYA 3-44            
1 22633U 93025A   01263.65643239 -.00000159  00000-0  00000-0 0   239
2 22633  64.6913 126.9912 7188089 251.8771  23.3563  2.00587575 61681
MOLNIYA 1-86            
1 22671U 93035A   01263.90324676  .00000147  00000-0  10000-3 0    95
2 22671  64.0613 197.6552 6903196 264.6035  49.7079  2.00619859 60995
MOLNIYA 3-45            
1 22729U 93049A   01261.30350019 -.00000160  00000-0  00000-0 0  6667
2 22729  64.5255 256.9186 6786796 273.1166  17.4818  2.00561179 59502
MOLNIYA 1-87            
1 22949U 93079A   01261.60090075 -.00000548  00000-0  10000-3 0  2187
2 22949  64.5645 358.6345 7022791 273.9322  15.5571  2.00682883 56763
MOLNIYA 3-46            
1 23211U 94051A   01263.01216121  .00000308  00000-0  00000-0 0  3078
2 23211  64.9345 163.6478 6890397 263.6508  20.5361  2.00585000 51844
MOLNIYA 1-88            
1 23420U 94081A   01263.47570141  .00000223  00000-0  10000-3 0  4181
2 23420  64.1289 263.9640 7047930 271.3565 317.5950  2.00598951 49600
MOLNIYA 3-47            
1 23642U 95042A   01263.75956331 -.00000051  00000-0  10000-3 0  2723
2 23642  64.0896   9.2116 7188774 275.0485 315.1218  2.00583735 44848
MOLNIYA 1-89            
1 24273U 96045A   01263.69349943  .00000079  00000-0  29000-3 0  1948
2 24273  64.1443 342.1513 7330667 275.3405 317.2788  2.00652993 37360
MOLNIYA 3-48            
1 24640U 96060A   01263.04035609 -.00000147  00000-0  10000-3 0  9386
2 24640  64.9074 264.4592 7036514 273.2394  15.4489  2.00636487 35944
MOLNIYA-1T              
1 24960U 97054A   01263.80764870  .00000138  00000-0  10000-3 0  9657
2 24960  63.5870  79.5845 7239115 277.8720 203.5665  2.00637437 29292
MOLNIYA 3-49            
1 25379U 98040A   01263.69464120  .00000059  00000-0  10000-3 0  9124
2 25379  63.5080  69.7932 7385986 279.4695 143.6685  2.00615765 23611
MOLNIYA 1-91            
1 25485U 98054A   01263.79920236  .00000016  00000-0  10000-3 0  9092
2 25485  63.2251 167.5818 6964946 280.0819  32.9418  2.00620615 21825
MOLNIYA 3-50            
1 25847U 99036A   01263.77445023 -.00000019  00000-0  10000-3 0  8755
2 25847  63.3867 250.2021 7079616 282.6103 205.0115  2.00610051 16153
MOLNIYA 3-51            
1 26867U 01030A   01263.45647226  .00000183  00000-0  10000-3 0   864
2 26867  62.8842 242.2908 7405782 280.5334 346.6682  2.00600491  1240
