SIRIUS-1                
1 26390U 00035A   01262.96328882  .00000001  00000-0  10000-3 0  2308
2 26390  63.3489 280.4718 2704970 269.7434  59.5790  1.00276643  4490
SIRIUS-2                
1 26483U 00051A   01263.62801194  .00000012  00000-0  00000+0 0  1569
2 26483  63.3916 160.9412 2702000 268.3444  60.5673  1.00268638  3833
SIRIUS-3                
1 26626U 00077A   01264.29163948 -.00000135  00000-0  00000+0 0  1475
2 26626  63.4148  40.4955 2704549 269.5517  59.8259  1.00275583  2970
XM-2                    
1 26724U 01012A   01262.42447627 -.00000047  00000-0  00000+0 0  1412
2 26724   0.0261  30.4883 0000152 233.2158 132.5032  1.00272789  1946
XM-1                    
1 26761U 01018A   01262.33824678 -.00000228  00000-0  00000+0 0  1213
2 26761   0.0346 359.6978 0000171 317.3389  77.8973  1.00270593  1422
