CALSPHERE 1             
1 00900U 64063C   01263.52798687  .00001164  00000-0  13631-2 0  6010
2 00900  90.2048 266.9005 0032344  44.1157 316.2575 13.67635326832543
CALSPHERE 2             
1 00902U 64063E   01263.57659219  .00000075  00000-0  10000-3 0  4605
2 00902  90.2150 270.4716 0017509 162.3055 197.8711 13.52253888635329
LCS 1                   
1 01361U 65034C   01263.75683027  .00000009  00000-0  10000-3 0  4537
2 01361  32.1445  29.3529 0004124 177.2794 182.7726  9.89260003315469
TEMPSAT 1               
1 01512U 65065E   01263.74461671  .00000059  00000-0  10000-3 0  5724
2 01512  89.9300 336.4707 0072020  53.2503 307.5221 13.33097179756022
CALSPHERE 4(A)          
1 01520U 65065H   01263.90279643  .00000051  00000-0  84083-4 0  6071
2 01520  90.1146  38.4083 0070773   7.7115 352.5107 13.34838898757111
OPS 5712 (P/L 160)      
1 02826U 67053A   01263.61561766  .00004615  00000-0  18748-2 0  6206
2 02826  69.9406 162.6967 0005646  67.1840 292.9909 14.28165281761505
OPS 5712 (P/L 153)      
1 02874U 67053H   01263.80458183  .00000189  00000-0  17838-3 0  7144
2 02874  69.9721  19.7702 0006743  14.8401 345.2902 13.95454798746132
SURCAL 150B             
1 02909U 67053J   01263.89910155  .00006632  00000-0  23985-2 0  9021
2 02909  69.9595  50.8265 0005892 308.1689  51.8905 14.33862064765058
RIGIDSPHERE 2 (LCS 4)   
1 05398U 71067E   01263.59952577  .00001353  00000-0  52418-3 0  4784
2 05398  87.6197 303.8870 0071164  83.2828 277.6486 14.27981547580487
RADCAT                  
1 06212U 72076A   01263.86406708  .00011341  00000-0  10985-2 0  6682
2 06212  98.5760 212.5251 0006480 183.8942 176.2229 14.92898439693991
COSMOS 2265             
1 22875U 93067A   01263.94762880  .00040924 -61066-6  47936-3 0  6180
2 22875  82.8409  73.7254 0493177 349.9729   9.1908 14.82654998401399
COSMOS 2332             
1 23853U 96025A   01263.74027814  .00028248 -42732-6  41863-3 0   386
2 23853  82.9495 300.8090 0579144 283.6242  70.1139 14.59906072278985

