ALOUETTE 1 (S-27)       
1 00424U 62049A   01263.89543636  .00000189  00000-0  21064-3 0  6886
2 00424  80.4671 187.1491 0023881 125.7289 234.6083 13.68277170945090
IUE                     
1 10637U 78012A   01257.09434008  .00000057  00000-0  10000-3 0  7969
2 10637  38.6214  54.2158 1528710 101.0165 276.5960  1.00062588 39104
IRAS                    
1 13777U 83004A   01265.54275875 -.00000054  00000-0 -66024-5 0  1511
2 13777  99.0269  82.7139 0013679 186.3872 173.7116 13.99640102622374
EXOS D (AKEBONO)        
1 19822U 89016A   01263.97999225  .00027909  00000-0  11140-2 0   841
2 19822  75.1025  13.4829 3301821 356.1365   1.8836  8.78950498325079
INTERCOSMOS 24          
1 20261U 89080A   01263.82298421  .00001807  00000-0  55440-3 0   217
2 20261  82.5893 121.3388 1227976 345.1569  11.6270 12.50404601545667
COBE                    
1 20322U 89089A   01264.59336469  .00000226  00000-0  17073-3 0  7912
2 20322  98.9000 268.8394 0009568  81.7114 278.5122 14.03886541606602
HST                     
1 20580U 90037B   01265.87154928  .00005592  00000-0  49134-3 0  7142
2 20580  28.4698 128.2657 0012266 258.6964 101.2241 14.94486400425611
ROSAT                   
1 20638U 90049A   01265.35669384  .00008159  00000-0  38285-3 0  3928
2 20638  52.9811 230.3024 0008273 231.2564 128.7722 15.20487079623063
CRRES                   
1 20712U 90065A   01263.41468935  .00001647  00000-0  22209-2 0  3285
2 20712  17.6124 183.2351 7151576  31.1480 356.1234  2.39270865 88683
SARA                    
1 21578U 91050E   01263.65944253  .00003246  00000-0  95282-3 0  6034
2 21578  98.1470 299.3196 0003268 218.4823 141.6134 14.44437985535024
SOLAR A (YOHKOH)        
1 21694U 91062A   01265.52753431  .00017830  00000-0  11675-2 0  7634
2 21694  31.3476  80.1607 0116744 212.4526 146.8724 15.01082272545986
UARS                    
1 21701U 91063B   01265.77725738  .00001738  00000-0  15673-3 0  4304
2 21701  56.9841 308.4540 0005780  83.8364 276.3330 15.00436975548520
EUVE                    
1 21987U 92031A   01265.02421925  .00061454  00000-0  70459-3 0  5524
2 21987  28.4303  31.7695 0004497 155.7224 204.3591 15.60641634518251
SAMPEX                  
1 22012U 92038A   01265.02091112  .00010088  00000-0  62418-3 0  5299
2 22012  81.6651 235.1022 0088782 327.7365  31.8416 15.06399411502680
ORBVIEW 1 (MICROLAB)    
1 23547U 95017C   01263.94851590  .00003240  00000-0  84740-3 0  8293
2 23547  69.9738  20.0498 0013610 331.9136  28.1262 14.50165739341667
XTE                     
1 23757U 95074A   01265.70412590  .00006896  00000-0  40511-3 0  8252
2 23757  22.9856 215.6148 0011682 152.3047 207.8056 15.08560187314776
SAX                     
1 23857U 96027A   01263.62346564  .00021804  00000-0  11047-2 0  8840
2 23857   3.9580 315.2785 0009215 221.0227 138.9165 15.14165586295636
FAST                    
1 24285U 96049A   01264.85430912  .00008856  00000-0  84093-3 0  7705
2 24285  82.9809  23.3776 2101108  84.0256 299.4601 11.04136310202224
SAC-B/HETE/PEGASUS      
1 24645U 96061A   01263.65189984  .00039710  00000-0  71030-3 0  9180
2 24645  37.9689 142.7907 0026896 290.2267  69.5611 15.48684575271702
SNOE                    
1 25233U 98012A   01263.67805544  .00015484  00000-0  68655-3 0  7641
2 25233  97.6377 176.1674 0024804 196.3603 163.6802 15.21416031196527
TRACE                   
1 25280U 98020A   01263.94906070  .00004397  00000-0  46259-3 0  5867
2 25280  97.8217  84.1845 0026957 342.7995  17.2307 14.89658930188247
SAFIR 2                 
1 25399U 98043F   01263.76082860 -.00000044  00000-0  00000-0 0  5008
2 25399  98.6802 339.9182 0002117 125.5353 234.6024 14.23158373166161
SWAS                    
1 25560U 98071A   01263.97606497  .00004615  00000-0  61735-3 0  5350
2 25560  69.8909 183.1374 0007576 127.7414 232.4422 14.80112031150634
ASTRID 2                
1 25568U 98072B   01263.96697075  .00000306  00000-0  32310-3 0  4001
2 25568  82.9466 259.7842 0023937 342.0513  17.9793 13.71464890139161
ORSTED                  
1 25635U 99008B   01264.86438040  .00002373  00000-0  62697-3 0  4200
2 25635  96.4831   4.0192 0148868 160.1939 200.5097 14.43050188135651
SUNSAT                  
1 25636U 99008C   01263.87447755  .00001245  00000-0  33900-3 0  5364
2 25636  96.4856   2.8133 0151173 165.4405 195.1214 14.42007224135460
WIRE                    
1 25646U 99011A   01265.69749602  .00011152  00000-0  64420-3 0  5557
2 25646  97.5106  87.2485 0025819 220.9689 138.9594 15.12191820140293
ABRIXAS                 
1 25721U 99022A   01263.69484071  .00006710  00000-0  48885-3 0  4883
2 25721  48.4444 148.3418 0029952 293.6453  66.1308 15.04363110131479
TERRIERS                
1 25735U 99026A   01263.67731207  .00004817  00000-0  28098-3 0  4729
2 25735  97.5963 140.2814 0007557 230.6946 129.3600 15.12413221129170
FUSE                    
1 25791U 99035A   01264.84996263  .00001228  00000-0  32643-3 0  3730
2 25791  24.9790 359.7127 0010966 126.1194 234.0331 14.40138072118306
CXO                     
1 25867U 99040B   01264.37500000  .00000000  00000-0  00000-0 0  2890
2 25867  39.9048 137.6113 7134474 310.6658 358.2186  0.37800437   986
CLEMENTINE              
1 25978U 99064B   01263.89265090  .00004618  00000-0  67148-3 0  1035
2 25978  98.1405 209.3168 0010748 274.6346  85.3635 14.76390374 96831
XMM                     
1 25989U 99066A   01263.75000000  .00000000  00000-0  00000-0 0  3160
2 25989  33.4839 186.4988 8079626  96.4336 356.9986  0.50101054  1146
TERRA                   
1 25994U 99068A   01265.80558314  .00001168  00000-0  26899-3 0  1017
2 25994  98.1461 340.6572 0001029  68.2296 291.9012 14.57136492 93842
ACRIMSAT                
1 26033U 99070B   01263.90616626  .00001509  00000-0  33716-3 0  3898
2 26033  98.2192 164.4232 0031226  31.7258 328.5814 14.57904576 93145
IMAGE                   
1 26113U 00017A   01263.70191984  .00000271  00000-0  10000-3 0  1943
2 26113  89.2350 194.3919 7319911 258.5040  18.6696  1.68633726  9178
DELTA 2 R/B(2)          
1 26115U 00017C   01262.77154949  .00000275  00000-0  10000-3 0  2081
2 26115  89.2197 194.4102 7320577 258.8789  18.5028  1.68185836  9146
CLUSTER II/FM7          
1 26410U 00041A   01264.04166667  .00000000  00000-0  00000-0 0  1797
2 26410  89.5264 162.0843 6389417   7.0888 357.2553  0.42032427   253
CLUSTER II/FM6          
1 26411U 00041B   01264.04166667  .00000000  00000-0  00000-0 0  1901
2 26411  89.4848 162.3603 6501682   5.0811   1.7811  0.42031913   327
CLUSTER II/FM5          
1 26463U 00045A   01264.04166667  .00000000  00000-0  00000-0 0  1812
2 26463  89.5135 162.3664 6275752   4.9665   2.0920  0.42032319   812
CLUSTER II/FM8          
1 26464U 00045B   01264.04166667  .00000000  00000-0  00000-0 0  1677
2 26464  89.5572 161.5301 6388858   5.0265   1.9365  0.42032254   186
MEGSAT-1                
1 26546U 00057B   01263.93480062  .00004049  00000-0  57681-3 0  3125
2 26546  64.5505 170.7073 0042221 308.6295  51.1031 14.77524937 53096
HETE-2                  
1 26561U 00061A   01262.99338789  .00006414  00000-0  61430-3 0  1572
2 26561   1.9524 177.7534 0028883  90.6964 269.6036 14.86806941 51511
MUNIN                   
1 26621U 00075C   01263.86689966  .00001018  00000-0  92334-3 0   848
2 26621  95.4140 189.4193 0721766 104.5007 263.7253 13.03135221 39475
DELTA 2 R/B             
1 26622U 00075D   01263.88293954  .00000363  00000-0  33110-3 0  1142
2 26622  95.4226 189.5516 0721869 104.4755 263.7522 13.03395048 39489
ODIN                    
1 26702U 01007A   01263.94642398  .00005080  00000-0  59058-3 0  2235
2 26702  97.8197 270.2772 0005976 123.6687 236.5098 14.85752424 31556
DELTA 2 R/B             
1 26622U 00075D   01046.63106504  .00000014  00000-0  29639-4 0   434
2 26622  95.4146  79.2242 0720190 302.9612  50.4232 13.03291865 11182

