ISS (ZARYA)             
1 25544U 98067A   01266.19548172  .00048088  00000-0  59299-3 0  5038
2 25544  51.6397 315.5889 0007977 123.4944 339.7871 15.59662442162370
SOYUZ-TM 32             
1 26749U 01017A   01262.90903699  .00080098  00000-0  98962-3 0  1481
2 26749  51.6375 332.1079 0007341 109.5233 250.6439 15.59400723 22582
PROGRESS-M 45           
1 26890U 01036A   01262.90903699  .00080098  00000-0  98962-3 0   376
2 26890  51.6375 332.1079 0007341 109.5233 250.6439 15.59400723  4613
PROGRESS-DC 1           
1 26908U 01041A   01265.79267464  .00059896  00000-0  73705-3 0   195
2 26908  51.6358 317.6167 0007018 117.1031 243.0187 15.59631833  1231
PROGRESS M1-4           
1 26615U 00073A   01039.84459009  .00083593  00000-0  65739-3 0  1221
2 26615  51.5724  16.6424 0009584  85.9346 272.8921 15.70706396 13302
CERISE                  
1 23606U 95033B   01047.49285507  .00003418  00000-0  52921-3 0  9515
2 23606  98.3006  15.2633 0007303 181.5548 178.5607 14.73888739301062
UPM/LBSAT               
1 23607U 95033C   01046.92613097  .00001651  00000-0  28312-3 0  6030
2 23607  98.3029  11.9104 0005717 194.2083 165.8957 14.70130003300805
FAISAT 2V               
1 24954U 97052B   01047.51815564  .00000112  00000-0  93159-4 0  3296
2 24954  82.9208  73.0346 0041432  41.1316 319.2956 13.79224562171160
MUBLCOM                 
1 25736U 99026B   01047.03467413  .00002141  00000-0  72443-3 0  2678
2 25736  97.6915 217.1899 0004356  85.9460 274.2227 14.37696057 91845

