ISS (ZARYA)             
1 25544U 98067A   01117.83067601  .00193229  00000-0  24409-2 0  9099
2 25544  51.5732 342.4112 0017057 345.9389 118.4723 15.58209607139218
STS 100                 
1 26747U 01016A   01118.25000000  .00032045  00000-0  41804-3 0   313
2 26747  51.5694 340.3105 0017104 347.9875 310.2238 15.58228231  1322
RS-10/11                
1 18129U 87054A   01116.90862542  .00000084  00000-0  75374-4 0  9273
2 18129  82.9214 276.5728 0010185 269.7822  90.2166 13.72562209693602
UO-14                   
1 20437U 90005B   01117.19738684  .00000450  00000-0  18804-3 0  6749
2 20437  98.3632 179.0790 0010745  12.5117 347.6330 14.30700489587761
UO-15                   
1 20438U 90005C   01118.16035972  .00000420  00000-0  17971-3 0  4590
2 20438  98.3372 172.2999 0010371  18.4267 341.7587 14.29781978587630
AO-16                   
1 20439U 90005D   01116.94745107  .00000405  00000-0  17040-3 0  4751
2 20439  98.4057 186.7642 0011282  17.2366 342.9190 14.30821649587754
DO-17                   
1 20440U 90005E   01117.19108581  .00000397  00000-0  16675-3 0  4663
2 20440  98.4208 189.5009 0011490  15.1827 344.9697 14.31034846587842
WO-18                   
1 20441U 90005F   01117.52809771  .00000415  00000-0  17400-3 0  4893
2 20441  98.4158 189.3951 0011672  14.6190 345.5330 14.30915413587882
LO-19                   
1 20442U 90005G   01116.73919185  .00000479  00000-0  19794-3 0  4738
2 20442  98.4276 190.5873 0012748  14.4598 345.6945 14.31060819587814
FO-20                   
1 20480U 90013C   01117.73026441 -.00000017  00000-0  28646-4 0  3076
2 20480  99.0623 195.5769 0541070  63.3839 302.1637 12.83292371525626
AO-21                   
1 21087U 91006A   01118.38958313  .00000123  00000-0  11314-3 0  5710
2 21087  82.9379  86.9932 0034404 296.3462  63.4162 13.74776262514032
RS-12/13                
1 21089U 91007A   01117.17692328 -.00000014  00000-0 -30572-4 0  3290
2 21089  82.9195 312.8456 0028862 334.2272  25.7397 13.74264381512802
UO-22                   
1 21575U 91050B   01117.53693319  .00000736  00000-0  25590-3 0  1930
2 21575  98.1272 134.5131 0006705 340.9421  19.1513 14.38131777513090
KO-23                   
1 22077U 92052B   01116.94825848 -.00000037  00000-0  10000-3 0   786
2 22077  66.0856  73.3340 0015292 247.5124 112.4274 12.86364645409071
AO-27                   
1 22825U 93061C   01116.94738535  .00000430  00000-0  18844-3 0  9693
2 22825  98.3576 167.5792 0009352  62.6530 297.5604 14.28403849395268
IO-26                   
1 22826U 93061D   01117.13947433  .00000561  00000-0  23997-3 0  9527
2 22826  98.3615 168.5441 0009770  61.9238 298.2929 14.28573839395328
KO-25                   
1 22828U 93061F   01114.00478472 -.00000043  00000-0 -55863-6 0  9295
2 22828  98.3589 165.7543 0010803  52.5025 307.7138 14.28990811363057
POSAT                   
1 22829U 93061G   01117.73004694  .00000656  00000-0  27544-3 0  9526
2 22829  98.3595 169.6485 0010406  42.0499 318.1504 14.29053587395500
RS-15                   
1 23439U 94085A   01116.14082223 -.00000042  00000-0  25960-5 0  5381
2 23439  64.8186  34.3512 0165988 236.0051 122.5001 11.27541043260791
FO-29                   
1 24278U 96046B   01117.68462295  .00000059  00000-0  93943-4 0  4092
2 24278  98.5518 349.7480 0351802 132.6571 230.4787 13.52769249231814
MO-30                   
1 24305U 96052B   01115.78557011  .00000204  00000-0  20364-3 0  5022
2 24305  82.9385  33.5518 0028698 248.5992 111.2080 13.73292831232377
TO-31                   
1 25396U 98043C   01116.95580685 -.00000044  00000-0  00000-0 0  5269
2 25396  98.6859 194.7799 0001778 244.1718 115.9278 14.22978953145270
GO-32                   
1 25397U 98043D   01116.89006160  .00000143  00000-0  83421-4 0  7458
2 25397  98.6845 194.3036 0000321 289.5679  70.5467 14.22581897145260
SO-33                   
1 25509U 98061B   01116.94365899  .00000702  00000-0  13065-3 0  2920
2 25509  31.4425 290.0132 0363023 284.4287  71.6330 14.25673162130620
PO-34                   
1 25520U 98064B   01116.90059935  .00003844  00000-0  23118-3 0  3519
2 25520  28.4626 298.4373 0006828  36.5210 323.5862 15.08155352137253
ISS (ZARYA)             
1 25544U 98067A   01117.83067601  .00193229  00000-0  24409-2 0  9099
2 25544  51.5732 342.4112 0017057 345.9389 118.4723 15.58209607139218
SO-35                   
1 25636U 99008C   01116.96678686  .00000772  00000-0  21530-3 0  4976
2 25636  96.4717 251.0667 0149571 269.7067  88.6985 14.41836822114299
UO-36                   
1 25693U 99021A   01118.35712991  .00001092  00000-0  18452-3 0  7706
2 25693  64.5618 229.6254 0048020 254.1712 105.4075 14.73779179108740
WO-39                   
1 26061U 00004A   01115.87413082  .00001859  00000-0  66077-3 0  2399
2 26061 100.1901  40.3839 0036141 352.7612   7.3035 14.35571460 65226
OO-38                   
1 26063U 00004C   01116.31717088  .00000780  00000-0  29437-3 0  2104
2 26063 100.1899  40.4746 0037150 352.3572   7.7030 14.34643740 65256
AO-37                   
1 26065U 00004E   01116.34035428  .00000701  00000-0  26690-3 0  2077
2 26065 100.1921  40.5317 0037922 353.8897   6.1809 14.34593440 65250
AO-40                   
1 26609U 00072B   01115.41980090 -.00000039  00000-0  00000-0 0   669
2 26609   5.2231 200.6224 8142412 257.1825  11.6868  1.26985932  2238

