COSMOS 2379             
1 26892U 01037A   01265.14953125 -.00000159  00000-0  00000+0 0   325
2 26892   2.2733 290.9779 0005043  88.5693 115.4992  1.00272390   285
SL-12 R/B(2)            
1 26895U 01037D   01264.57762064 -.00000152  00000-0  00000+0 0   114
2 26895   2.3098 290.3196 0019275   1.1870 358.4166  1.00182075   282
SL-12 DEB               
1 26896U 01037E   01265.11109074  .00002993  00000-0  15744-2 0   187
2 26896  47.9023 283.3492 7277535   7.1412 359.3096  2.27022287   636
SL-12 DEB               
1 26897U 01037F   01265.16175805  .00001056  00000-0  11213-2 0   128
2 26897  47.9252 283.4226 7262559   6.8842 359.3620  2.26562954   632
LRE                     
1 26898U 01038A   01263.66484255  .00001012  00000-0  45473-3 0   123
2 26898  28.5152 110.7001 7296809 192.2296 128.7008  2.25295440   504
H-2A R/B                
1 26899U 01038B   01265.49654605  .00001279  00000-0  98630-3 0   178
2 26899  28.2184 110.8502 7290406 192.7375 126.8631  2.24764938   585
INTELSAT 902            
1 26900U 01039A   01265.73756831  .00000050  00000-0  00000+0 0   304
2 26900   0.0327 122.2024 0051244  44.9096 156.8453  1.00294028   268
ARIANE 44L R/B          
1 26901U 01039B   01263.94487281  .00002669  00000-0  15141-2 0   141
2 26901   7.0567 249.8652 7344805 194.6484 118.5763  2.18649566   477
PROGRESS-DC 1           
1 26908U 01041A   01265.79267464  .00059896  00000-0  73705-3 0   195
2 26908  51.6358 317.6167 0007018 117.1031 243.0187 15.59631833  1231
ARIANE 44L R/B          
1 26901U 01039B   01257.11021336  .00002690  00000-0  13693-2 0   119
2 26901   7.0883 252.5871 7344749 189.3412 139.2293  2.18608062   329
INTELSAT 902            
1 26900U 01039A   01243.39349807 -.00000074  00000-0  10000-3 0    57
2 26900   2.7473 256.8026 4533432 180.0372 180.9765  1.75688508    22
ARIANE 44L R/B          
1 26901U 01039B   01242.53127468  .00000067  00000-0  00000+0 0    12
2 26901   7.1395 258.0661 7347460 178.4740 187.4661  2.18642063    00
SL-12 DEB               
1 26896U 01037E   01241.31844449  .00001835  00000-0  12405-2 0    56
2 26896  47.9678 289.8665 7273725   0.8720   0.0706  2.26890902    98
SL-12 DEB               
1 26897U 01037F   01238.67650094 -.00010977  00000-0 -13866-1 0    20
2 26897  48.0371 290.6133 7256113   0.1595   0.1098  2.26503172    35
LRE                     
1 26898U 01038A   01241.53951959 -.00829730  00000-0 -36437+0 0    27
2 26898  28.1464 119.3601 7299158 178.7549 185.5438  2.24716746    06
AO-27                   
1 22825U 93061C   01049.20892449  .00000187  00000-0  91532-4 0  9136
2 22825  98.3730 102.6626 0007897 260.7366  99.2921 14.28343129385594
IO-26                   
1 22826U 93061D   01048.70846086  .00000240  00000-0  11246-3 0  9017
2 22826  98.3758 102.9265 0008387 262.7100  97.3128 14.28506738385551
KO-25                   
1 22828U 93061F   01048.18468525  .00000270  00000-0  12334-3 0  8829
2 22828  98.3723 102.6263 0009120 241.7923 118.2337 14.28927035353654
POSAT                   
1 22829U 93061G   01049.18160165  .00000257  00000-0  11829-3 0  9037
2 22829  98.3719 103.8893 0008832 249.1890 110.8341 14.28973374385718
RS-15                   
1 23439U 94085A   01046.78318260 -.00000036  00000-0  17657-3 0  5268
2 23439  64.8170 146.5247 0166660 247.9169 110.3985 11.27539926252978
FO-29                   
1 24278U 96046B   01047.56738987  .00000062  00000-0  10215-3 0  3931
2 24278  98.5650 289.0396 0351027 314.4675  42.8275 13.52760184222330
MO-30                   
1 24305U 96052B   01047.51656707  .00000205  00000-0  20364-3 0  4793
2 24305  82.9336  84.0239 0032004  78.5572 281.9172 13.73275716223005
TO-31                   
1 25396U 98043C   01047.48280182 -.00000044  00000-0  00000+0 0  4605
2 25396  98.6959 126.2269 0003765  99.8106 260.3503 14.22903408135398
GO-32                   
1 25397U 98043D   01046.90614793  .00000141  00000-0  82925-4 0  5509
2 25397  98.6952 125.2885 0002088 102.0868 258.0543 14.22541595135319
SO-33                   
1 25509U 98061B   01048.10712877  .00001945  00000-0  39459-3 0  2402
2 25509  31.4455 317.5456 0361993  45.1913 317.7575 14.25462794120798
PO-34                   
1 25520U 98064B   01048.19677924  .00003256  00000-0  19720-3 0  3003
2 25520  28.4625  31.8029 0006447  16.4003 343.6779 15.07590485126878
ISS (ZARYA)             
1 25544U 98067A   01048.92229650  .00063252  00000-0  71143-3 0  6587
2 25544  51.5744 330.4481 0009835 108.9664  10.5114 15.61922649128446
SO-35                   
1 25636U 99008C   01047.56635016  .00000899  00000-0  24746-3 0  4652
2 25636  96.4599 198.4126 0152629 128.7659 232.7277 14.41725899104296
UO-36                   
1 25693U 99021A   01049.13919780  .00000651  00000-0  11880-3 0  5740
2 25693  64.5604  80.5879 0049977 262.7634  96.7784 14.73612243 98545
WO-39                   
1 26061U 00004A   01046.86762743  .00000979  00000-0  35917-3 0  1831
2 26061 100.1913 318.9995 0036244 184.9541 175.1286 14.35328807 55323
OO-38                   
1 26063U 00004C   01047.27028937  .00000347  00000-0  14252-3 0  1578
2 26063 100.1937 319.1579 0038036 185.1996 174.8793 14.34550570 55355
AO-37                   
1 26065U 00004E   01046.87235212  .00000379  00000-0  15416-3 0  1535
2 26065 100.1931 318.7109 0037928 187.2745 172.7888 14.34492675 55295
AO-40                   
1 26609U 00072B   01046.15851798 -.00000083  00000-0  00000+0 0   382
2 26609   5.6690 222.2686 8134836 221.7796  34.0600  1.26948856  1357
GORIZONT 19             
1 20263U 89081A   01043.60724429  .00000072  00000-0  00000-0 0   777
2 20263   7.0450  52.3549 0001662 205.7107 154.4093  1.00336518 41688
INTELSAT 602            
1 20315U 89087A   01047.00336206  .00000018  00000-0  10000-3 0  5185
2 20315   0.0711 191.8914 0026732 115.8045 261.7996  1.00273649 39205
COSMOS 2054             
1 20391U 89101A   01042.86808946 -.00000282  00000-0  10000-3 0  8592
2 20391   6.8173  54.0863 0008583 239.8837 120.1706  1.00324648 41057
SKYNET 4A               
1 20401U 90001A   01047.21821182 -.00000256  00000-0  00000+0 0  5702
2 20401   4.6841  48.2264 0000929  11.4235 131.1673  1.00271798 37078
JCSAT 2                 
1 20402U 90001B   01046.29862847 -.00000180  00000-0  10000-3 0  7706
2 20402   0.0096   0.5953 0001892 325.3270  80.9000  1.00270640 24068
LEASAT 5                
1 20410U 90002B   01048.72654365 -.00000169  00000-0  00000+0 0  7870
2 20410   4.0427  24.0549 0002321 324.2220 216.6756  1.00270183 25948
STTW-4                  
1 20473U 90011A   01047.57581781 -.00000146  00000-0  10000-3 0   572
2 20473   4.2389  74.3836 0005843 231.7661 128.2743  1.00220704 40277
INTELSAT 603            
1 20523U 90021A   01045.17770781 -.00000200  00000-0  10000-3 0   956
2 20523   0.0197  92.5254 0005167 319.0509 132.0505  1.00271412 32946
ASIASAT 1               
1 20558U 90030A   01048.49679977 -.00000373  00000-0  10000-3 0  6448
2 20558   1.5463  93.1969 0001137 246.1628 108.8992  1.00266599 39804
PALAPA B2R              
1 20570U 90034A   01047.88779538  .00000132  00000-0  00000+0 0  6326
2 20570   0.6935 101.0821 0009518 135.2102 272.8296  1.00274408 38079
INSAT 1D                
1 20643U 90051A   01048.29804977 -.00000091  00000-0  10000-3 0  5484
2 20643   2.4824  87.0404 0011665 270.1009 331.4741  1.00270446 25989
GORIZONT 20             
1 20659U 90054A   01041.50137622 -.00000305  00000-0  10000-3 0  6565
2 20659   6.5113  57.1871 0005654 317.5079  42.5995  1.00283884 38875
INTELSAT 604            
1 20667U 90056A   01048.00544513  .00000036  00000-0  00000+0 0  2672
2 20667   0.0208 216.2239 0004956  23.3801 329.3923  1.00273999 41836
COSMOS 2085             
1 20693U 90061A   01047.53099568 -.00000148  00000-0  10000-3 0   633
2 20693   6.4386  56.9673 0005614 201.7335 158.3244  1.00265243 38733
DFS 2                   
1 20706U 90063B   01046.98612270  .00000130  00000-0  10000-3 0  4251
2 20706   0.2226  98.9470 0005232 245.8843 181.6879  1.00275114 30792
THOR 1 (MARCOPOLO 2)    
1 20762U 90074A   01047.91454674 -.00000021  00000-0  10000-3 0  3531
2 20762   0.0477 233.1976 0001146  87.8428 154.3570  1.00273118 38668
SKYNET 4C               
1 20776U 90079A   01043.85970487 -.00000032  00000-0  10000-3 0  6518
2 20776   3.3192  62.0572 0002528 257.8122 131.6170  1.00275056 38149
EUTELSAT 2-F1           
1 20777U 90079B   01045.74477289  .00000106  00000-0  00000+0 0  7721
2 20777   1.7725  91.1014 0003921  92.6857 277.6265  1.00275418 18748
SBS 6                   
1 20872U 90091A   01045.37251174 -.00000267  00000-0  00000+0 0  7362
2 20872   0.0353 263.2178 0001578  65.4235 235.8170  1.00273094 26265
GALAXY 6                
1 20873U 90091B   01046.25076608 -.00000266  00000-0  10000-3 0  1502
2 20873   0.0389 266.9112 0001444  80.0619 174.6245  1.00269168 32441
INMARSAT 2-F1           
1 20918U 90093A   01047.69955618  .00000030  00000-0  10000-3 0  4691
2 20918   1.7722  25.8096 0002606 325.1338 226.5708  1.00272415 34166
GORIZONT 21             
1 20923U 90094A   01040.60970637  .00000048  00000-0  00000+0 0  6887
2 20923   6.2639  58.3591 0002042 280.2392  79.8826  1.00153904 37619
SATCOM C1               
1 20945U 90100A   01047.48873492  .00000101  00000-0  00000+0 0  8515
2 20945   0.0334 259.5902 0004689  42.9927 238.3270  1.00270261 35310
GSTAR 4                 
1 20946U 90100B   01048.29968772 -.00000101  00000-0  10000-3 0   475
2 20946   0.0357 263.4322 0002385  80.1985 166.5653  1.00271788 32459
GORIZONT 22             
1 20953U 90102A   01046.42342382 -.00000382  00000-0  00000+0 0  7238
2 20953   6.1853  58.0650 0002226 213.0197 147.0851  1.00199648 37625
RADUGA 26               
1 21016U 90112A   01040.60887434  .00000019  00000-0  10000-3 0  8698
2 21016   6.1023  58.5697 0008753 219.3986 140.6960  1.00310012 37425
RADUGA 1-2              
1 21038U 90116A   01047.59799332  .00000043  00000-0  10000-3 0  4165
2 21038   6.1067  58.9627 0006431 210.5368 149.5505  1.00313545 37148
NATO 4A                 
1 21047U 91001A   01045.94717865 -.00000159  00000-0  00000+0 0  5263
2 21047   3.1842  44.3914 0002505 263.6813 160.0710  1.00270455 36727
ITALSAT 1               
1 21055U 91003A   01031.24751955 -.00000015  00000-0  10000-3 0  2780
2 21055   3.1258  82.2034 0123182  94.6002  52.9208  0.99780927 24532
EUTELSAT 2-F2           
1 21056U 91003B   01048.04580441 -.00000114  00000-0  00000+0 0  3042
2 21056   0.9848  94.7280 0004121 263.8691 152.3664  1.00271001 24542
COSMOS 2133             
1 21111U 91010A   01046.56160349 -.00000107  00000-0  00000+0 0  2241
2 21111   5.0329  62.4509 0006947 237.0940 122.9834  1.00285165 36662
RADUGA 27               
1 21132U 91014A   01044.42780190 -.00000371  00000-0  00000+0 0  3720
2 21132   6.3396  63.3355 0005388 233.7944 126.2423  1.00300126 36517
ASTRA 1B                
1 21139U 91015A   01046.00000000  .00000106  00000-0  10000-3 0   120
2 21139   0.0122 319.8851 0002995  65.1991 139.1680  1.00273184 24835
METEOSAT 5 (MOP 2)      
1 21140U 91015B   01045.83998567  .00000008  00000-0  10000-3 0  9373
2 21140   4.0321  74.3054 0000987 253.1863 182.6255  1.00269759 38699
ANIK E2                 
1 21222U 91026A   01048.28461168 -.00000086  00000-0  10000-3 0  7847
2 21222   0.0591 281.6887 0000123 105.0822 115.7252  1.00271675 25212
SPACENET 4 (ASC 2)      
1 21227U 91028A   01043.45740411 -.00000023  00000-0  00000+0 0  8486
2 21227   0.0383 255.7467 0002451  14.9103 208.5420  1.00273833 34090
AURORA 2                
1 21392U 91037A   01043.40650998  .00000087  00000-0  10000-3 0  6587
2 21392   0.0198 134.7938 0002616 162.2950 212.7335  1.00274489 35097
TDRS 5                  
1 21639U 91054B   01047.70635457  .00000072  00000-0  10000-3 0  6540
2 21639   2.5739  85.6500 0002710 243.7407 257.3864  1.00277384 34958
INTELSAT 605            
1 21653U 91055A   01047.23414932 -.00000215  00000-0  10000-3 0  4625
2 21653   0.0107  44.9609 0000814 277.1458 240.9256  1.00270880 34805
ANIK E1                 
1 21726U 91067A   01047.51317608 -.00000062  00000-0  00000+0 0  7349
2 21726   0.0272 295.7203 0000721  30.7462 253.6908  1.00272354 25364
INTELSAT 601            
1 21765U 91075A   01047.23260418 -.00000251  00000-0  00000+0 0  2666
2 21765   0.0179 102.8681 0001061 177.4728 275.1688  1.00271545 33907
COSMOS 2172             
1 21789U 91079A   01043.81425485 -.00000122  00000-0  10000-3 0  7064
2 21789   5.4867  63.4360 0005983 185.3738 174.7860  1.00277408 38891
EUTELSAT 2-F3           
1 21803U 91083A   01048.04418983  .00000116  00000-0  10000-3 0  2440
2 21803   0.8522  97.6033 0004193 217.7582 229.0023  1.00272079 29669
TELECOM 2A              
1 21813U 91084A   01046.13723042 -.00000080  00000-0  10000-3 0  7823
2 21813   0.0184 164.6250 0004527 177.6418 204.2997  1.00272419 32392
INMARSAT 2-F3           
1 21814U 91084B   01047.92481705 -.00000008  00000-0  10000-3 0  3195
2 21814   1.1068  37.7024 0004362 311.9018 195.3172  1.00274526 33556
RADUGA 28               
1 21821U 91087A   01047.80677663  .00000133  00000-0  10000-3 0  1201
2 21821   5.3979  64.1562 0008780 246.8558 156.6134  1.00266518 33588
SUPERBIRD B1            
1 21893U 92010A   01046.51377396 -.00000106  00000-0  10000-3 0  7728
2 21893   0.0336 102.3929 0001290 246.9674 143.1498  1.00273656 32659
INSAT 2DR               
1 21894U 92010B   01048.00361656  .00000073  00000-0  10000-3 0  2555
2 21894   0.0280 248.7492 0007524  66.5800 248.0138  1.00274252 32739
GALAXY 5                
1 21906U 92013A   01046.38662370  .00000023  00000-0  10000-3 0  5411
2 21906   0.0317 233.1131 0001554  99.5207 186.9380  1.00273958 24390
GORIZONT 25             
1 21922U 92017A   01047.64333103 -.00000300  00000-0  00000+0 0  1502
2 21922   5.1840  64.9844 0003185 324.1897 128.6927  1.00277568 32479
TELECOM 2B              
1 21939U 92021A   01048.01454406 -.00000099  00000-0  00000+0 0  3155
2 21939   0.2192  97.2605 0002819 161.0548 243.2252  1.00271058 25229
INMARSAT 2-F4           
1 21940U 92021B   01046.75876615 -.00000366  00000-0  10000-3 0  3631
2 21940   2.5502  13.9922 0001976 303.2490 210.7631  1.00266891 32336
PALAPA B4               
1 21964U 92027A   01046.93184028 -.00000376  00000-0  10000-3 0   776
2 21964   0.0378 293.3553 0001588  65.7740 240.2983  1.00272374 31999
NSS K                   
1 21989U 92032A   01044.05082101 -.00000183  00000-0  00000+0 0  2222
2 21989   0.0272 106.7865 0003988 208.3082 184.7562  1.00270231 42371
INSAT 2A                
1 22027U 92041A   01044.71393882  .00000015  00000-0  10000-3 0  2677
2 22027   2.9251  83.4542 0009529 164.4882 217.2930  1.00163214 31318
EUTELSAT 2-F4           
1 22028U 92041B   01046.89083334  .00000138  00000-0  10000-3 0   109
2 22028   0.0358 241.8475 0005044 114.7549 138.5570  1.00275201 24437
GORIZONT 26             
1 22041U 92043A   01048.82264469 -.00000106  00000-0  00000+0 0  8762
2 22041   4.9212  66.3717 0003992 259.3341 107.3223  1.00269615 31461
OPTUS B1 (AUSSAT B1)    
1 22087U 92054A   01048.47293855 -.00000123  00000-0  10000-3 0  4171
2 22087   0.0352 271.4694 0003274  72.4998 133.7465  1.00271415 42656
SATCOM C4               
1 22096U 92057A   01047.82023037  .00000075  00000-0  00000+0 0  7112
2 22096   0.0453  84.3243 0001814 257.1277 325.6938  1.00275194 33036
COSMOS 2209             
1 22112U 92059A   01047.85853681 -.00000229  00000-0  00000+0 0  6056
2 22112   4.9886  67.2520 0003957 230.0861 130.0287  1.00247488 30896
HISPASAT 1A             
1 22116U 92060A   01047.19853580 -.00000229  00000-0  10000-3 0   854
2 22116   0.0204 124.7319 0001755 207.6907 215.2593  1.00270863 27526
SATCOM C3               
1 22117U 92060B   01048.53776987  .00000057  00000-0  10000-3 0  5032
2 22117   0.0674 253.6559 0001916  96.4887 220.0731  1.00271898 30875
DFS 3                   
1 22175U 92066A   01048.05688080  .00000125  00000-0  00000+0 0  2572
2 22175   0.0435 117.9955 0003047 192.7353 240.3136  1.00274036 28295
GALAXY 7                
1 22205U 92072A   01048.39012997  .00000033  00000-0  00000+0 0  3173
2 22205   0.2568  93.7714 0018672 192.0747  73.9152  0.99699654 24706
EKRAN 20                
1 22210U 92074A   01047.40821911 -.00000310  00000-0  10000-3 0  8603
2 22210   4.6854  67.7271 0004754 293.0248  31.2579  1.00259547 30399
GORIZONT 27             
1 22245U 92082A   01048.80115163  .00000138  00000-0  10000-3 0  8483
2 22245   4.7155  68.5506 0001763 263.5393 137.8269  1.00261538 34466
SUPERBIRD A1            
1 22253U 92084A   01045.38864583 -.00000144  00000-0  10000-3 0  2696
2 22253   0.0116 171.3858 0005536 140.4420 130.5020  1.00270835 29762
COSMOS 2224             
1 22269U 92088A   01046.77347583  .00000014  00000-0  00000+0 0  6264
2 22269   3.7372  68.1566 0002634 273.7446  86.4333  1.00303194 29396
TDRS F6                 
1 22314U 93003B   01048.06057872 -.00000291  00000-0  00000+0 0  2271
2 22314   1.7976  90.5205 0003703 251.5329 139.8658  1.00270126 29689
RADUGA 29               
1 22557U 93013A   01048.80642362  .00000058  00000-0  00000+0 0  6776
2 22557   4.4478  70.5240 0001481 251.0383 127.6835  1.00270524 28939
ASTRA 1C                
1 22653U 93031A   01046.00000000  .00000106  00000-0  10000-3 0  6319
2 22653   0.0122 319.8851 0002995  65.1991 139.1785  1.00273184 23539
HISPASAT 1B             
1 22723U 93048A   01046.10649972 -.00000230  00000-0  10000-3 0  8538
2 22723   0.0293 249.1807 0003363  48.7488 215.5623  1.00270175 27463
INSAT 2B                
1 22724U 93048B   01045.60320008 -.00000272  00000-0  10000-3 0  9918
2 22724   0.3724  99.4472 0005831 251.7425 104.0837  1.00269376 28044
ACTS                    
1 22796U 93058B   01048.10772804 -.00000102  00000-0  00000+0 0  5071
2 22796   2.0593  89.0126 0005724 232.5820 119.1262  1.00271635 34131
RADUGA 30               
1 22836U 93062A   01046.69418251 -.00000199  00000-0  00000+0 0  7692
2 22836   4.0479  72.5278 0003225 285.9347 122.1881  1.00261896 27003
INTELSAT 701            
1 22871U 93066A   01044.73029103  .00000037  00000-0  00000+0 0  9009
2 22871   0.0362 270.5724 0002144  86.3146 229.8072  1.00272737 26679
GORIZONT 28             
1 22880U 93069A   01048.60645149 -.00000299  00000-0  00000+0 0  6587
2 22880   4.0144  72.5340 0002389 343.0774  47.1596  1.00274118 26774
GORIZONT 29             
1 22907U 93072A   01045.77152472 -.00000357  00000-0  10000-3 0  4777
2 22907   3.9739  72.3872 0002647 295.4067 184.4869  1.00259389 26526
SOLIDARIDAD 1           
1 22911U 93073A   01048.10113738 -.00000091  00000-0  00000+0 0  1187
2 22911   0.3532  99.7370 0003011 222.8366 114.2352  1.00278864 25156
METEOSAT 6              
1 22912U 93073B   01048.27580652 -.00000085  00000-0  00000+0 0  6288
2 22912   0.9846  79.2521 0003498 237.8174 280.6795  1.00273933 24963
NATO 4B                 
1 22921U 93076A   01047.06616899 -.00000171  00000-0  00000+0 0  9841
2 22921   1.5726  28.8654 0003909 271.9577 209.1652  1.00270497 26374
DBS                     
1 22930U 93078A   01045.18507529 -.00000073  00000-0  10000-3 0  1368
2 22930   0.0229 289.3694 0002153  18.0269 153.6725  1.00272186 34080
THAICOM 1               
1 22931U 93078B   01048.51567130 -.00000374  00000-0  10000-3 0  8982
2 22931   0.0418  33.1089 0001607 263.2376 156.8254  1.00269700 25822
GALS 1                  
1 22963U 94002A   01048.77476333  .00000133  00000-0  10000-3 0  7393
2 22963   2.4734  85.7078 0001971 279.5836 103.1146  1.00269544 25944
RADUGA 1-3              
1 22981U 94008A   01044.58355355 -.00000159  00000-0  00000+0 0  1718
2 22981   3.7941  75.3092 0003447 207.7056 152.4653  1.00216087 25715
RADUGA 31               
1 23010U 94012A   01044.52215035 -.00000341  00000-0  10000-3 0  7366
2 23010   3.7771  74.8881 0007892 213.6528 146.5701  1.00251305 25550
GALAXY 1R               
1 23016U 94013A   01048.12286076  .00000067  00000-0  10000-3 0   206
2 23016   0.0272 244.9731 0000963  42.8950 130.4726  1.00272359 25235
GOES 8                  
1 23051U 94022A   01046.24557818 -.00000263  00000-0  00000+0 0  5491
2 23051   0.2608 277.3959 0002349  73.3875 167.9446  1.00276507 32451
GORIZONT 30             
1 23108U 94030A   01048.34353363 -.00000276  00000-0  10000-3 0  3458
2 23108   3.7290  74.5503 0001738 270.8377  68.3396  1.00272112 24720
INTELSAT 702            
1 23124U 94034A   01047.39588487  .00000012  00000-0  00000+0 0  8201
2 23124   0.0526 275.2200 0005162  75.9950 113.6944  1.00272026 38621
COSMOS 2282             
1 23168U 94038A   01043.12638718 -.00000021  00000-0  00000+0 0  8776
2 23168   2.6061  71.1965 0013130 225.6158 134.6050  1.00161269 24228
PAS 2                   
1 23175U 94040A   01047.49268993 -.00000043  00000-0  00000+0 0  9242
2 23175   0.0249 168.9731 0002960  88.0153 235.9027  1.00271765 23521
BS-3N                   
1 23176U 94040B   01046.67266144 -.00000362  00000-0  10000-3 0  6514
2 23176   0.0251 293.7894 0001707  12.9430 190.7255  1.00268481 24022
APSTAR 1                
1 23185U 94043A   01048.66238345 -.00000306  00000-0  00000+0 0  6287
2 23185   0.0384 298.9731 0000675  16.9911 208.1648  1.00272825 24080
DIRECTV 2               
1 23192U 94047A   01045.31645877 -.00000131  00000-0  00000+0 0  9526
2 23192   0.0154 258.2505 0002837  70.3964 188.8648  1.00270934 34023
BRASILSAT B1            
1 23199U 94049A   01047.34654172 -.00000277  00000-0  10000-3 0  8365
2 23199   0.0289 223.0535 0002183  71.0535 266.9866  1.00268148 34763
TURKSAT 1B              
1 23200U 94049B   01045.69648935  .00000140  00000-0  10000-3 0  6348
2 23200   0.0480 111.2068 0002314 210.3028 105.2327  1.00274016 23361
OPTUS B3                
1 23227U 94055A   01044.45425889 -.00000164  00000-0  10000-3 0  8167
2 23227   0.0139 175.2083 0003970 106.6025 181.2406  1.00270636 23660
COSMOS 2291             
1 23267U 94060A   01047.84671876 -.00000203  00000-0  10000-3 0  1822
2 23267   3.3766  76.6712 0007906 249.8646 100.7905  1.00246291 23458
NSS 703                 
1 23305U 94064A   01046.00046512  .00000057  00000-0  00000+0 0  5273
2 23305   0.0397 278.7384 0003389  51.5061 231.9647  1.00273120 23401
SOLIDARIDAD 2           
1 23313U 94065A   01045.38843149 -.00000052  00000-0  10000-3 0  8751
2 23313   0.0246 245.3004 0002435  69.9374 216.0411  1.00271583 23261
THAICOM 2               
1 23314U 94065B   01047.92861936 -.00000133  00000-0  00000+0 0  6863
2 23314   0.0595  55.5859 0005462 231.3076 272.8486  1.00270801 23269
EXPRESS 1               
1 23319U 94067A   01047.93190348 -.00000124  00000-0  00000+0 0  4984
2 23319   0.5636  95.9702 0003449 223.4310 149.1175  1.00272016 23234
ELEKTRO (GOMS)          
1 23327U 94069A   01047.63165511 -.00000019  00000-0  10000-3 0  8359
2 23327   3.6201  80.2659 0006977 161.8849 198.3044  1.00262673 23109
ASTRA 1D                
1 23331U 94070A   01046.81769616  .00000050  00000-0  00000+0 0  5368
2 23331   0.1559 116.2934 0154493 251.6128  94.8015  1.00252395 23527
ORION 1                 
1 23413U 94079A   01046.17677031 -.00000265  00000-0  10000-3 0  5506
2 23413   0.0470 313.4882 0001412 357.9657 219.8760  1.00269339 22353
LUCH                    
1 23426U 94082A   01043.35878282  .00000047  00000-0  00000-0 0   386
2 23426   2.2932  93.3314 0004734 232.4188 127.7582  1.00281007 22551
RADUGA 32               
1 23448U 94087A   01047.71989198 -.00000092  00000-0  10000-3 0  1058
2 23448   3.1623  78.5065 0001640 245.5036 155.6313  1.00282810 40173
INTELSAT 704            
1 23461U 95001A   01047.92501988 -.00000016  00000-0  10000-3 0  5959
2 23461   0.0198 251.5227 0013976  38.2062 256.4036  1.00273269 22399
GMS 5                   
1 23522U 95011B   01046.65730616 -.00000293  00000-0  00000-0 0   339
2 23522   0.6172  70.6983 0001142 225.5411 226.3388  1.00273937 21549
INTELSAT 705            
1 23528U 95013A   01045.89223943 -.00000155  00000-0  00000+0 0  8303
2 23528   0.0578 277.4295 0003784  56.1676 114.5271  1.00271795 21557
BRASILSAT B2            
1 23536U 95016A   01044.25634407 -.00000293  00000-0  10000-3 0  7177
2 23536   0.0378 182.6391 0001696 151.7939 196.1741  1.00274060 21604
HOT BIRD 1              
1 23537U 95016B   01046.81398094  .00000074  00000-0  10000-3 0  4152
2 23537   0.0314 124.3687 0016115 113.7812 213.8120  1.00271772 21623
AMSC 1                  
1 23553U 95019A   01046.53588102 -.00000128  00000-0  00000+0 0  8580
2 23553   0.0420 272.2357 0002367  68.1773 257.1227  1.00273293 21437
INTELSAT 706            
1 23571U 95023A   01045.17605797 -.00000300  00000-0  10000-3 0  6006
2 23571   0.0183 286.3411 0002836  48.4456 179.8048  1.00272031 21036
GOES 9                  
1 23581U 95025A   01048.27226362 -.00000104  00000-0  00000+0 0  4386
2 23581   0.5148  95.8169 0010288 231.9232 172.9656  1.00274708 21039
DBS 3                   
1 23598U 95029A   01043.38708281 -.00000133  00000-0  00000+0 0  7206
2 23598   0.0174 154.9944 0002464 160.4949 225.4644  1.00271002 20783
TDRS F7                 
1 23613U 95035B   01042.31808598  .00000078  00000-0  10000-3 0  9175
2 23613   4.1631  74.3640 0002467 235.5327 134.8949  1.00264664 20438
PAS 4                   
1 23636U 95040A   01045.92127338 -.00000039  00000-0  10000-3 0  5031
2 23636   0.0232 271.6223 0005121 338.2775 295.2460  1.00271867 20244
KOREASAT 1              
1 23639U 95041A   01048.96973959  .00000114  00000-0  00000+0 0  5465
2 23639   1.4876  91.8598 0002157 208.1670 244.5439  1.00271969 20367
JCSAT 3                 
1 23649U 95043A   01046.93953704 -.00000358  00000-0  10000-3 0  5140
2 23649   0.0015  80.7180 0001230 257.7418 273.7120  1.00268548 19866
N-STAR-A                
1 23651U 95044A   01045.80212731 -.00000343  00000-0  10000-3 0  5523
2 23651   0.0114 110.8324 0002328 232.5449 222.2114  1.00269973 20001
COSMOS 2319             
1 23653U 95045A   01047.84415510 -.00000125  00000-0  10000-3 0  1548
2 23653   2.6523  82.0857 0004829 282.6237  72.1912  1.00272811 20019
TELSTAR 402R            
1 23670U 95049A   01048.70661204 -.00000197  00000-0  10000-3 0  6601
2 23670   0.0207 287.8872 0002189  53.5678 331.6008  1.00270377 19788
LUCH 1                  
1 23680U 95054A   01046.69709868 -.00000124  00000-0  00000+0 0  8240
2 23680   1.4043 113.9018 0011683 179.9826 180.1780  1.00273843 19628
ASTRA 1E                
1 23686U 95055A   01046.00000000  .00000106  00000-0  10000-3 0  3658
2 23686   0.0122 319.8851 0002995  65.1991 139.2038  1.00273184 19588
GALS 2                  
1 23717U 95063A   01047.99799719  .00000143  00000-0  00000+0 0  5314
2 23717   0.3898  97.5132 0001929 198.4379 246.8650  1.00266826 19236
ASIASAT 2               
1 23723U 95064A   01045.80505787 -.00000321  00000-0  00000+0 0  6130
2 23723   0.0422 293.8273 0001143  79.6258 161.7026  1.00271905 19128
TELECOM 2C              
1 23730U 95067A   01048.96241321 -.00000055  00000-0  00000+0 0  6989
2 23730   0.0267 262.6393 0001839  82.6538 144.0576  1.00272249 19178
INSAT 2C                
1 23731U 95067B   01047.60921522 -.00000271  00000-0  10000-3 0  5409
2 23731   0.2258 107.3353 0005734 184.8287 167.3085  1.00273827 19059
GALAXY 3R               
1 23741U 95069A   01047.32913411 -.00000163  00000-0  00000+0 0  6922
2 23741   0.0341 275.5819 0002125  56.6966 197.4910  1.00269577 19044
ECHOSTAR 1              
1 23754U 95073A   01047.52621772  .00000117  00000-0  00000+0 0  6433
2 23754   0.0442 273.5442 0034911 292.8362 341.7160  1.00266901 18680
PANAMSAT 3R             
1 23764U 96002A   01047.18629333 -.00000281  00000-0  00000+0 0  5410
2 23764   0.0358 271.9423 0001988  23.9621 234.4025  1.00272537 18676
MEASAT 1                
1 23765U 96002B   01047.93267313 -.00000253  00000-0  10000-3 0  5942
2 23765   0.0152 212.0569 0000981 157.0947 205.0342  1.00271328 18660
KOREASAT 2              
1 23768U 96003A   01045.68410640 -.00000372  00000-0  00000+0 0  4620
2 23768   0.0225 165.1021 0000939 111.2247 227.6545  1.00271415 18621
GORIZONT 31             
1 23775U 96005A   01047.80792247  .00000136  00000-0  10000-3 0  9630
2 23775   2.3456  80.9696 0000614 182.3729 214.0045  1.00268821 18561
PALAPA C1               
1 23779U 96006A   01038.72640822  .00000097  00000-0  00000+0 0  7805
2 23779   1.5813  93.7235 0042241  96.4037 259.6851  1.00276653 18330
N STAR B                
1 23781U 96007A   01047.53481703 -.00000319  00000-0  10000-3 0  4584
2 23781   0.0305 119.3586 0004722 280.2209  75.4622  1.00271167 18462
INTELSAT 707            
1 23816U 96015A   01046.90009839 -.00000024  00000-0  00000+0 0  6083
2 23816   0.0194 272.1626 0003913  70.9361 125.8622  1.00273206 18066
INMARSAT 3-F1           
1 23839U 96020A   01043.99641736  .00000000  00000-0  00000+0 0  5811
2 23839   0.0438 273.8018 0035009 110.5701 181.1924  1.00275602 17831
ASTRA 1F                
1 23842U 96021A   01046.00000000  .00000106  00000-0  10000-3 0  4129
2 23842   0.0122 319.8851 0002995  65.1991 139.2116  1.00273184 17767
MSAT-M1                 
1 23846U 96022A   01045.35988970 -.00000094  00000-0  10000-3 0  7751
2 23846   0.0073 260.6115 0004806  48.0831 218.7646  1.00271761 17667
PALAPA C2               
1 23864U 96030A   01043.66571688 -.00000375  00000-0  00000+0 0  5526
2 23864   0.0262 268.4531 0001448  55.6971 171.2044  1.00266314 17374
AMOS 1                  
1 23865U 96030B   01048.04979747 -.00000047  00000-0  10000-3 0  8199
2 23865   0.0685  63.2689 0002997 253.1682 204.5495  1.00271454 17420
GALAXY 9                
1 23877U 96033A   01047.62228235  .00000036  00000-0  00000+0 0  6322
2 23877   0.0286 236.5552 0001460  94.7659 272.3183  1.00273070 17356
GORIZONT 32             
1 23880U 96034A   01047.80628503  .00000085  00000-0  00000+0 0  9517
2 23880   2.1406  83.8702 0001733 287.7869 118.1120  1.00274090 17336
INTELSAT 709            
1 23915U 96035A   01048.17717606 -.00000294  00000-0  10000-3 0  5919
2 23915   0.0419 283.5870 0002393  24.1619 213.2445  1.00272351 17155
APSTAR A1               
1 23943U 96039A   01048.56782358 -.00000330  00000-0  10000-3 0  1897
2 23943   0.0301 308.3339 0000586  46.2103 131.4441  1.00271633 16975
ARABSAT 2A              
1 23948U 96040A   01045.91953126  .00000131  00000-0  10000-3 0  6155
2 23948   0.0404 114.1664 0005248 112.3578 275.4674  1.00276835 16885
TURKSAT 1C              
1 23949U 96040B   01045.99521753  .00000132  00000-0  10000-3 0  5881
2 23949   0.0425 151.3935 0006733 210.8578 183.0041  1.00271481 16870
ITALSAT F2              
1 24208U 96044A   01048.14613374  .00000094  00000-0  00000+0 0  5887
2 24208   0.0643 110.7851 0000084  17.3035  87.9954  1.00275745 16432
TELECOM 2D              
1 24209U 96044B   01047.92015209 -.00000078  00000-0  10000-3 0  4894
2 24209   0.0276 245.7047 0005571  57.4564 167.0181  1.00272402 16720
INMARSAT 3-F2           
1 24307U 96053A   01046.13523369 -.00000137  00000-0  00000+0 0  7463
2 24307   0.0678 326.0788 0006166  43.1633 169.0756  1.00271852 16267
ECHOSTAR 2              
1 24313U 96055A   01048.09905227 -.00000009  00000-0  10000-3 0  5210
2 24313   0.0361 287.9217 0002605  51.7992  83.7071  1.00273041 16323
GE-1                    
1 24315U 96054A   01047.39611066 -.00000114  00000-0  10000-3 0  6148
2 24315   0.0482 277.9792 0003146  64.0207 204.0015  1.00271759 16266
EXPRESS 2               
1 24435U 96058A   01048.26539931 -.00000339  00000-0  00000+0 0  1129
2 24435   2.3667  86.8987 0004314 226.9803  32.4410  1.00277414 16087
ARABSAT 2B              
1 24652U 96063A   01043.81332141  .00000136  00000-0  10000-3 0  4016
2 24652   0.0767 108.8238 0004911 231.3920 125.9728  1.00276110 16061
MEASAT 2                
1 24653U 96063B   01048.52328078 -.00000230  00000-0  00000+0 0  5410
2 24653   0.0248 236.6986 0001578 100.8697 146.3381  1.00271615 15676
HOT BIRD 2              
1 24665U 96067A   01043.24825811  .00000070  00000-0  10000-3 0  2499
2 24665   0.0535 294.3521 0024313 107.8988 202.4860  1.00279954 15878
INMARSAT 3-F3           
1 24674U 96070A   01048.47019892  .00000027  00000-0  10000-3 0  6112
2 24674   0.1370 293.8541 0004604  41.4192 159.4289  1.00271101 15257
GE-2                    
1 24713U 97002A   01048.32886502 -.00000218  00000-0  00000+0 0  4932
2 24713   0.0391 237.4046 0003217 110.7667 192.6751  1.00270985 14849
NAHUEL 1A               
1 24714U 97002B   01046.25096894 -.00000273  00000-0  10000-3 0  4846
2 24714   0.0645 111.1446 0003774 214.0249 198.6264  1.00268728 14821
JCSAT 4                 
1 24732U 97007A   01046.85203704 -.00000362  00000-0  10000-3 0  5094
2 24732   0.0195 218.3132 0007454   7.2726 354.0060  1.00265580 14559
INTELSAT 801            
1 24742U 97009A   01048.08755023 -.00000236  00000-0  10000-3 0  5348
2 24742   0.0645 282.1888 0002744  51.6502 173.3134  1.00270601 14586
TEMPO 2                 
1 24748U 97011A   01045.67113194 -.00000015  00000-0  10000-3 0  5756
2 24748   0.0803 279.1107 0002637  60.2089 288.2217  1.00268794 14538
THAICOM 3               
1 24768U 97016A   01047.92861936 -.00000133  00000-0  10000-3 0  5792
2 24768   0.0626 274.2029 0004036  96.1022 189.4440  1.00271745 14284
B-SAT 1A                
1 24769U 97016B   01045.67015868 -.00000364  00000-0  00000+0 0  5115
2 24769   0.0298 179.7820 0001221 320.3891 355.6523  1.00267248 14076
GOES 10                 
1 24786U 97019A   01048.62186538  .00000074  00000-0  00000+0 0  7320
2 24786   0.1458 105.9476 0002879 252.2533 238.6648  1.00278407 14008
DFH 3-F2                
1 24798U 97021A   01048.26842593 -.00000366  00000-0  10000-3 0  9351
2 24798   0.1038 110.0948 0004038 246.4575  12.2455  1.00269600 13833
THOR 2A                 
1 24808U 97025A   01048.15129631 -.00000021  00000-0  10000-3 0  3910
2 24808   0.0306 193.5554 0002949 106.8360 260.4751  1.00273125 13744
TELSTAR 5               
1 24812U 97026A   01046.33382159 -.00000153  00000-0  10000-3 0  5648
2 24812   0.0371 296.2032 0001795  68.4459 163.8794  1.00270952 13684
INMARSAT 3-F4           
1 24819U 97027A   01045.31304830 -.00000300  00000-0  10000-3 0  5490
2 24819   0.0790 309.4373 0004527  40.9229 212.6718  1.00268557 13640
FY-2                    
1 24834U 97029A   01047.60610009 -.00000204  00000-0  00000+0 0  5657
2 24834   0.8206  95.1715 0004567 150.7261 204.8562  1.00267114 13509
INTELSAT 802            
1 24846U 97031A   01047.58826787 -.00000003  00000-0  00000+0 0  4399
2 24846   0.0284 262.3428 0004007  78.0261 192.0150  1.00273159 13417
SUPERBIRD C             
1 24880U 97036A   01046.84402778 -.00000264  00000-0  10000-3 0  4181
2 24880   0.0252 203.3201 0001502  56.2268 334.1643  1.00269746 12968
PAS 6                   
1 24891U 97040A   01047.18609013 -.00000282  00000-0  00000+0 0  3563
2 24891   0.0416 292.9087 0002060  11.2942 225.7816  1.00269456 12952
COSMOS 2345             
1 24894U 97041A   01048.53987335 -.00000433  00000-0  00000+0 0  5417
2 24894   1.4166  88.1842 0162544  46.0267 315.7528  1.00370632 12922
MABUHAY                 
1 24901U 97042A   01046.78571727 -.00000249  00000-0  00000+0 0  4511
2 24901   0.0270 133.8827 0005535 313.5540 127.1627  1.00271292 12809
PAS 5                   
1 24916U 97046A   01043.19364664 -.00000303  00000-0  10000-3 0  3361
2 24916   0.0362 168.7943 0001260 176.6191 168.5827  1.00267707 12812
HOT BIRD 3              
1 24931U 97049A   01045.92985534  .00000072  00000-0  10000-3 0  3013
2 24931   0.0587 341.7976 0005334 344.2618 166.6491  1.00272331 12725
METEOSAT 7              
1 24932U 97049B   01048.14433457 -.00000014  00000-0  10000-3 0  7711
2 24932   0.2098 321.8982 0002003   9.9760 227.6354  1.00264701 12687
GE 3                    
1 24936U 97050A   01046.34564479 -.00000208  00000-0  10000-3 0  4921
2 24936   0.0512 271.7259 0002159  43.4987 227.4576  1.00269429 12660
NSS 803                 
1 24957U 97053A   01047.93412005 -.00000177  00000-0  00000+0 0  4177
2 24957   0.0205 291.3672 0003826  41.6138 128.7683  1.00270157 12492
ECHOSTAR 3              
1 25004U 97059A   01046.37795417 -.00000296  00000-0  00000+0 0  3918
2 25004   0.0394 288.7510 0001713  59.5789 231.6448  1.00270842 12370
APSTAR 2R               
1 25010U 97062A   01048.93119434 -.00000113  00000-0  00000+0 0  7138
2 25010   0.0385 269.9517 0003732  79.2841 210.4095  1.00271599 12245
SIRIUS 2                
1 25049U 97071A   01047.89408983  .00000020  00000-0  00000+0 0  3888
2 25049   0.0213 233.4853 0001197  96.1684 143.9368  1.00274230 11980
CAKRAWARTA 1            
1 25050U 97071B   01048.74870803 -.00000355  00000-0  10000-3 0  4124
2 25050   0.0565 263.5611 0003664  85.1421 176.3121  1.00271838 12008
JCSAT 5                 
1 25067U 97075A   01046.45946991 -.00000215  00000-0  10000-3 0  3982
2 25067   0.0049 197.4089 0002527 139.8674 123.6024  1.00270457 11799
ASTRA 1G                
1 25071U 97076A   01046.00000000  .00000106  00000-0  10000-3 0  2416
2 25071   0.0122 319.8851 0002995  65.1991 139.1677  1.00273184 11780
GALAXY 8I               
1 25086U 97078A   01046.23391067 -.00000165  00000-0  00000+0 0  4722
2 25086   0.0103 342.5259 0002651 332.5748 179.4439  1.00271116 11685
INTELSAT 804            
1 25110U 97083A   01046.92273426  .00000002  00000-0  00000+0 0  4145
2 25110   0.0452 255.8180 0007017 180.8343 105.5408  1.00273417 11643
PANAMSAT 22             
1 25126U 97086A   01043.34518523 -.00000298  00000-0  10000-3 0  3724
2 25126   6.6947 288.4402 0048235 352.4979 285.7458  1.00274745 12326
SKYNET 4D               
1 25134U 98002A   01048.05303821 -.00000249  00000-0  10000-3 0  4343
2 25134   2.2776 320.8881 0000599 244.4002 286.8264  1.00271280 11425
BRASILSAT B3            
1 25152U 98006A   01048.38118963 -.00000223  00000-0  00000+0 0  4295
2 25152   0.0541 170.7987 0002118 159.3146 230.5023  1.00270464 11200
INMARSAT 3-F5           
1 25153U 98006B   01048.06821760  .00000130  00000-0  10000-3 0  5255
2 25153   0.7685 313.9103 0003110 358.0768 244.6336  1.00274988 11162
HOT BIRD 4              
1 25237U 98013A   01036.98201056  .00000081  00000-0  10000-3 0  2414
2 25237   0.0406 267.1001 0011236 323.1156 272.6088  1.00275419 11095
NSS 806                 
1 25239U 98014A   01047.23163196 -.00000274  00000-0  00000+0 0  3803
2 25239   0.0415 269.4589 0002959  69.7253 209.9450  1.00270845 10954
NILESAT                 
1 25311U 98024A   01048.82075811 -.00000070  00000-0  10000-3 0  4043
2 25311   0.0294  81.3208 0003598 277.3827  77.6062  1.00272602 10573
B-SAT 1B                
1 25312U 98024B   01046.67266144 -.00000363  00000-0  10000-3 0  3703
2 25312   0.0274 166.4285 0000972 328.4095   2.6877  1.00267442 10321
COSMOS 2350             
1 25315U 98025A   01048.39634951 -.00000047  00000-0  00000+0 0  3314
2 25315   0.3449 346.5977 0008369 342.9655  30.3515  1.00264906 10296
ECHOSTAR 4              
1 25331U 98028A   01048.09844558 -.00000012  00000-0  00000+0 0  4579
2 25331   0.0192  15.6370 0001248   2.5992  45.4064  1.00273131 10318
CHINASTAR 1             
1 25354U 98033A   01048.27468750 -.00000219  00000-0  00000+0 0  6881
2 25354   0.0497 273.1749 0002186  46.7934  13.7356  1.00272559 14522
THOR 3                  
1 25358U 98035A   01047.91178238 -.00000022  00000-0  10000-3 0  3453
2 25358   0.0588 235.6408 0001710 117.7271 120.9377  1.00272609  9958
INTELSAT 805            
1 25371U 98037A   01047.27110552 -.00000298  00000-0  00000+0 0  2970
2 25371   0.0306 234.0134 0010013  49.8126 264.6312  1.00270287  9809
SINOSAT 1               
1 25404U 98044A   01047.73514531 -.00000365  00000-0  00000+0 0  6486
2 25404   0.0499  51.9185 0003963 346.1628 123.8406  1.00275317  9659
ST-1                    
1 25460U 98049A   01044.92508316 -.00000226  00000-0  00000+0 0  3084
2 25460   0.0155 100.8257 0002483 250.7493 213.4104  1.00269721  9080
ASTRA-2A                
1 25462U 98050A   01043.24408566  .00000132  00000-0  10000-3 0  3471
2 25462   0.0589  83.3663 0007411 305.8531 229.1861  1.00276185  9053
PAS 7                   
1 25473U 98052A   01047.92543931 -.00000038  00000-0  00000+0 0  3145
2 25473   0.0364 283.4887 0003591  54.1081 211.1429  1.00272519  8884
EUTELSAT W2             
1 25491U 98056A   01046.89436922  .00000091  00000-0  00000+0 0  3288
2 25491   0.0245 325.4306 0004219 347.5805 170.9131  1.00274970  8702
SIRIUS 3                
1 25492U 98056B   01045.06291501  .00000019  00000-0  00000+0 0  3076
2 25492   0.0137 243.3805 0001403  63.3101 225.1094  1.00274140  8743
HOTBIRD 5               
1 25495U 98057A   01042.81414353  .00000068  00000-0  10000-3 0  3352
2 25495   0.0519 284.7236 0006833  43.1993 120.0593  1.00273450  8632
AFRISTAR                
1 25515U 98063A   01046.81707392  .00000116  00000-0  00000+0 0  3285
2 25515   0.0409  39.4472 0004589 241.9923 179.7388  1.00278882  8454
GE 5                    
1 25516U 98063B   01047.10482684 -.00000246  00000-0  00000+0 0  2502
2 25516   0.0333 259.1235 0003158 152.4430  53.2945  1.00271152  8491
PAS 8                   
1 25522U 98065A   01047.71007381 -.00000069  00000-0  00000+0 0  3420
2 25522   0.0493 134.7419 0003145 166.4480 267.1767  1.00272464  8465
BONUM 1                 
1 25546U 98068A   01048.00462020  .00000067  00000-0  10000-3 0  5634
2 25546   0.0452 272.9308 0001385  11.5077 280.2603  1.00269530  8289
SAT MEX 5               
1 25558U 98070A   01048.39757487 -.00000025  00000-0  00000+0 0  2970
2 25558   0.0084  26.3708 0002269 260.5403 246.8309  1.00272153  8285
PAS 6B                  
1 25585U 98075A   01047.18609013 -.00000282  00000-0  00000+0 0  3316
2 25585   0.0200  98.9557 0001198  86.9612 344.1998  1.00271382  7989
TELSTAR 6               
1 25626U 99005A   01042.51885889 -.00000181  00000-0  00000+0 0  2783
2 25626   0.0398 295.0905 0000876 120.8980 179.3651  1.00269952  7319
JCSAT 06                
1 25630U 99006A   01048.94548032 -.00000368  00000-0  00000+0 0  4002
2 25630   0.0223 212.5773 0001606 166.9202 232.8096  1.00270952  7240
ARABSAT 3A              
1 25638U 99009A   01043.81144622  .00000127  00000-0  10000-3 0  2781
2 25638   0.0582 274.9195 0005887 357.1371 188.9118  1.00275109  7269
SKYNET 4E               
1 25639U 99009B   01042.69406473  .00000078  00000-0  00000+0 0  2748
2 25639   2.6272 326.8763 0002844 347.3784 130.3514  1.00267018  7228
RADUGA 1-4              
1 25642U 99010A   01048.81398728  .00000145  00000-0  00000+0 0  3990
2 25642   1.5048 148.7118 0000753 251.6696  75.0214  1.00272805  7213
ASIASAT 3S              
1 25657U 99013A   01048.32989159 -.00000345  00000-0  00000+0 0  3262
2 25657   0.0258 225.7793 0001379 103.8388  41.9573  1.00268123  7063
INSAT 2E                
1 25666U 99016A   01046.92834198 -.00000178  00000-0  00000+0 0  3591
2 25666   0.0897 272.3190 0001180 266.9397  23.8923  1.00272270  6999
EUTELSAT W3             
1 25673U 99018A   01047.14914013  .00000034  00000-0  10000-3 0  2809
2 25673   0.0287 316.5255 0005347 120.9236 129.3289  1.00270797  6813
NIMIQ 1                 
1 25740U 99027A   01048.32701332 -.00000185  00000-0  00000+0 0  2794
2 25740   0.0539 287.3890 0000921  87.7543 158.7588  1.00271514  6458
ASTRA 1H                
1 25785U 99033A   01046.00000000  .00000106  00000-0  10000-3 0  2233
2 25785   0.0122 319.8851 0002995  65.1991 139.2122  1.00273184  6142
TELKOM 1                
1 25880U 99042A   01043.23589326 -.00000362  00000-0  00000-0 0  2796
2 25880   0.0531 275.7427 0003102  46.0907  13.3708  1.00267229  5578
KOREASAT 3              
1 25894U 99046A   01046.82791088 -.00000375  00000-0  00000+0 0  2347
2 25894   0.0393 288.9737 0001612  60.0053 210.9151  1.00268991  4394
YAMAL 102               
1 25897U 99047B   01047.93225362 -.00000239  00000-0  10000-3 0  3256
2 25897   0.1321  98.5803 0002965 301.3099 172.5033  1.00270564  5393
ECHOSTAR 5              
1 25913U 99050A   01048.39592301 -.00000068  00000-0  10000-3 0  2495
2 25913   0.0264 257.0909 0000694  52.0976 230.7447  1.00272198  5152
TELSTAR 7               
1 25922U 99052A   01047.62164108  .00000046  00000-0  00000+0 0  1817
2 25922   0.0273 112.0796 0002147 217.6784 271.6591  1.00273988  5115
LMI-1                   
1 25924U 99053A   01045.92306667 -.00000101  00000-0  00000+0 0  2644
2 25924   0.0383 306.4931 0008029 264.5552 341.2506  1.00270984  5133
DIRECTV 1-R             
1 25937U 99056A   01046.32801149 -.00000127  00000-0  00000+0 0  3033
2 25937   0.0187 347.2873 0002578 305.0410 229.9140  1.00272192  4996
ORION 2                 
1 25949U 99059A   01044.27303676 -.00000136  00000-0  00000+0 0  3831
2 25949   0.0187 322.7433 0001340 270.3113 353.5812  1.00271911  4830
GE 4                    
1 25954U 99060A   01045.37011936 -.00000128  00000-0  00000+0 0  2601
2 25954   0.0452 273.8839 0003234  97.6999 164.9719  1.00270538  4691
UFO 10 (USA 146)        
1 25967U 99063A   01045.59992976 -.00000065  00000-0  00000+0 0  3098
2 25967   5.2193 310.4582 0005278 311.9337 169.5524  1.00269388  4578
GALAXY 11               
1 26038U 99071A   01044.31879852 -.00000191  00000-0  00000+0 0  4948
2 26038   0.0109 144.4607 0000185 336.1431  46.5595  1.00270276  4308
GALAXY 10R              
1 26056U 00002A   01047.83734029  .00000013  00000-0  00000+0 0  2029
2 26056   0.0216 103.1450 0000115 283.1240 299.0099  1.00272099  3978
ZHONGXING-22            
1 26058U 00003A   01048.28322917 -.00000303  00000-0  00000+0 0  2978
2 26058   0.1015  73.6694 0003852 291.5617 342.0323  1.00272816  3955
HISPASAT 1C             
1 26071U 00007A   01044.17377260 -.00000234  00000-0  10000-3 0  1597
2 26071   0.0269 301.1322 0003980  35.4416 199.0816  1.00271158  3844
GARUDA 1                
1 26089U 00011A   01045.79533763 -.00000371  00000-0  00000+0 0  1432
2 26089   2.2349 286.3233 0005596 330.9750 296.9030  1.00273586  3730
SUPERBIRD 4             
1 26095U 00012A   01047.46048755 -.00000105  00000-0  00000+0 0  3097
2 26095   0.0065 178.0867 0001760 146.6626 149.5698  1.00271747  3719
EXPRESS 2A              
1 26098U 00013A   01047.92903880 -.00000148  00000-0  00000+0 0  3212
2 26098   0.0612 279.1283 0002344 354.9336 287.2960  1.00272957  3420
ASIASTAR                
1 26107U 00016A   01048.33153503 -.00000343  00000-0  00000+0 0  1935
2 26107   0.0276 314.4566 0004043  11.0035  46.2281  1.00270270  3390
INSAT 3B                
1 26108U 00016B   01044.60314193 -.00000180  00000-0  00000+0 0  1687
2 26108   0.0663 275.9052 0008232 356.8215 171.0558  1.00269357  3316
SESAT                   
1 26243U 00019A   01048.75956749  .00000144  00000-0  10000-3 0  1784
2 26243   0.0306 249.8821 0003387  27.7832 179.4895  1.00274470  3070
GALAXY 4R               
1 26298U 00020A   01048.38313083 -.00000139  00000-0  00000+0 0  2896
2 26298   0.0349  66.8037 0001039 222.1388 257.3614  1.00270801  3172
GOES 11                 
1 26352U 00022A   01048.43935777 -.00000089  00000-0  00000+0 0  2091
2 26352   0.0671 103.6600 0005317 189.4757 265.8499  1.00262647  2909
EUTELSAT W4             
1 26369U 00028A   01044.72034115  .00000139  00000-0  10000-3 0  1357
2 26369   0.0364 357.7587 0002225 299.7685 141.7135  1.00275035  2681
GORIZONT 33             
1 26372U 00029A   01044.49364785 -.00000258  00000-0  00000-0 0  2074
2 26372   0.9107 291.3973 0001565  68.7929 106.2060  1.00273547  2636
EXPRESS 3A              
1 26378U 00031A   01046.93387733 -.00000102  00000-0  00000+0 0  1708
2 26378   0.0712 271.1327 0001874  55.8898 144.1095  1.00271754  2377
FENGYUN 2B              
1 26382U 00032A   01048.33463035 -.00000340  00000-0  00000+0 0  1658
2 26382   0.5951 253.7229 0000641 226.2572 252.4262  1.00265773  2387
TDRS 8                  
1 26388U 00034A   01048.52248870  .00000125  00000-0  00000+0 0  1767
2 26388   6.5703 292.4188 0021891 191.3421  61.5962  1.00267969  2434
COSMOS 2371             
1 26394U 00036A   01048.93181668 -.00000144  00000-0  10000-3 0  1523
2 26394   0.9518 286.3654 0004195  32.3419 244.5132  1.00265795  2282
ECHOSTAR 6              
1 26402U 00038A   01047.39072333 -.00000011  00000-0  00000+0 0  1643
2 26402   0.0280 227.3459 0000583 348.8638 311.8167  1.00271053  2192
PAS 9                   
1 26451U 00043A   01047.27090269 -.00000298  00000-0  00000+0 0  1588
2 26451   0.0130 280.4085 0002295  70.6770 194.7420  1.00270928  2071
BRAZILSAT B4            
1 26469U 00046A   01045.31957392 -.00000183  00000-0  00000+0 0  1912
2 26469   0.0566 238.8291 0004934 118.7969 169.7569  1.00271370  1847
NILESAT 102             
1 26470U 00046B   01045.15403424 -.00000074  00000-0  10000-2 0  1067
2 26470   0.0383 260.0263 0003658  69.1452 223.4670  1.00271214  1848
RADUGA 1-5              
1 26477U 00049A   01047.72485457  .00000105  00000-0  00000+0 0  1192
2 26477   1.1096 284.9917 0000605 307.5139 224.5584  1.00284917  1726
EUTELSAT W1             
1 26487U 00052A   01046.81335866  .00000055  00000-0  00000+0 0   894
2 26487   0.0129 244.7879 0003347  83.9670 119.8699  1.00273827  1679
ASTRA 2B                
1 26494U 00054A   01045.81686563  .00000135  00000-0  00000+0 0   941
2 26494   0.0603 289.5763 0004145 340.3544 197.2171  1.00272125  1563
GE 7                    
1 26495U 00054B   01047.62037833  .00000084  00000-0  00000+0 0  1059
2 26495   0.0670 279.5937 0002809  58.1530 255.2172  1.00272150  1580
GE 1A                   
1 26554U 00059A   01046.69145109 -.00000358  00000-0  00000+0 0  1035
2 26554   0.0568 270.2270 0002257   8.7558 223.8943  1.00275649  1424
NSAT 110                
1 26559U 00060A   01047.32251657 -.00000363  00000-0  00000+0 0  1068
2 26559   0.0508 277.5101 0000885 102.2453 352.7339  1.00268457  1368
THURAYA 1               
1 26578U 00066A   01048.69014316  .00000128  00000-0  00000+0 0  1007
2 26578   6.0866 325.9354 0006055 323.7262 150.5144  1.00273193  1308
GE 6                    
1 26580U 00067A   01047.22048060 -.00000272  00000-0  10000-3 0   894
2 26580   0.0422 274.0645 0001538   7.7607 231.7963  1.00272843  1215
EUROPE*STAR F1          
1 26590U 00068A   01043.99076337  .00000119  00000-0  00000+0 0   832
2 26590   0.0740 273.4837 0003750  47.1155 224.1583  1.00275154  1110
BEIDOU 1                
1 26599U 00069A   01048.39603684 -.00000293  00000-0  00000+0 0  1051
2 26599   0.0720 122.0336 0005384 270.8622  37.0228  1.00273924  1197
PAS 1R                  
1 26608U 00072A   01048.87233718 -.00000285  00000-0  00000+0 0  1686
2 26608   0.0394  39.4883 0000483 172.4899 204.9959  1.00272452  1002
ANIK F1                 
1 26624U 00076A   01041.56039606 -.00000081  00000-0  00000+0 0  1276
2 26624   0.0989  68.4519 0032620 132.1330  33.9487  1.00211276   900

